feature	score	p-value	mean+-pos	mean+-neg
tcgcgagg	22.81	1.78615379779e-06	0.659090909091	0.474014854878	0.128571428571	0.33472498611
gtcttct	21.79	3.04184907955e-06	0.840909090909	0.365760839533	0.228571428571	0.419912527334
cgcaaggtt	21.63	3.31089721703e-06	0.727272727273	0.445361771415	0.171428571429	0.376883027379
gtcggtgg	20.58	5.72228946052e-06	0.590909090909	0.491666083018	0.114285714286	0.31815796359
gcgccgg	20.36	6.42365716696e-06	0.704545454545	0.456246815906	0.171428571429	0.376883027379
ctagagat	19.6	9.53474344516e-06	0.772727272727	0.419070202604	0.214285714286	0.410325903324
gtcattgg	18.09	2.11044246491e-05	0.795454545455	0.40336907612	0.242857142857	0.428809457709
ccccaagt	17.25	3.28544580462e-05	0.727272727273	0.445361771415	0.214285714286	0.410325903324
ccaagt	16.84	4.06667270649e-05	0.795454545455	0.40336907612	0.257142857143	0.437058815451
cttcgcaa	16.64	4.50766679447e-05	0.636363636364	0.481045692921	0.171428571429	0.376883027379
aatatcgt	15.96	6.47483910068e-05	0.727272727273	0.445361771415	0.228571428571	0.419912527334
gccttcgat	15.66	7.593831042e-05	0.477272727273	0.499483203996	0.1	0.3
gtgtgggc	14.95	0.000110205885946	0.522727272727	0.499483203996	0.128571428571	0.33472498611
gctttcgg	14.76	0.000122236242385	0.431818181818	0.495329425402	0.0857142857143	0.27994168489
atgtcgc	14.76	0.000122236242385	0.431818181818	0.495329425402	0.0857142857143	0.27994168489
ccgaagt	14.68	0.000127190721923	0.545454545455	0.497929597732	0.142857142857	0.349927106112
cgataa	14.6	0.000132641755896	0.772727272727	0.419070202604	0.271428571429	0.444696640465
atcac	14.51	0.00013948479134	0.818181818182	0.38569460792	0.3	0.458257569496
cttcac	14.45	0.000143558172537	0.568181818182	0.495329425402	0.157142857143	0.363935405796
gtcgttt	13.5	0.000238419029737	0.795454545455	0.40336907612	0.3	0.458257569496
tcgcaa	13.5	0.000238419029737	0.795454545455	0.40336907612	0.3	0.458257569496
attgagt	13.11	0.000292994483232	0.272727272727	0.445361771415	0.0285714285714	0.166598625567
ggtcttgc	13.11	0.000292994483232	0.272727272727	0.445361771415	0.0285714285714	0.166598625567
ccagagat	13.04	0.000304418934927	0.431818181818	0.495329425402	0.1	0.3
aatctctt	12.85	0.000336939828235	0.613636363636	0.486915574673	0.2	0.4
cgattaa	12.85	0.000336939828235	0.613636363636	0.486915574673	0.2	0.4
aaatcctt	12.76	0.00035401713725	0.636363636364	0.481045692921	0.214285714286	0.410325903324
tcaagtgat	12.7	0.000365309446177	0.227272727273	0.419070202604	0.0142857142857	0.118666055185
ctagagg	12.63	0.000380187500699	0.681818181818	0.465770489362	0.242857142857	0.428809457709
ttgcct	-12.51	0.000404695201596	0.204545454545	0.40336907612	0.685714285714	0.464230765979
tgat	12.51	0.000404695201596	0.795454545455	0.40336907612	0.314285714286	0.464230765979
tt	12.51	0.000404695201596	0.795454545455	0.40336907612	0.314285714286	0.464230765979
ctctaaaa	12.48	0.000410560819508	0.477272727273	0.499483203996	0.128571428571	0.33472498611
cctagagat	12.1	0.000503028647941	0.386363636364	0.486915574673	0.0857142857143	0.27994168489
ggtcttagt	12.1	0.000503028647941	0.386363636364	0.486915574673	0.0857142857143	0.27994168489
ttttgcaa	11.77	0.000601870990692	0.409090909091	0.491666083018	0.1	0.3
tgatcgc	11.77	0.000603106831222	0.590909090909	0.491666083018	0.2	0.4
gcatcc	11.56	0.000674120814415	0.772727272727	0.419070202604	0.314285714286	0.464230765979
tgggt	11.55	0.000677492567666	0.75	0.433012701892	0.3	0.458257569496
tctttcgt	-11.3	0.000777146624215	0.181818181818	0.38569460792	0.614285714286	0.486763572497
gttttct	11.29	0.00078117081216	0.454545454545	0.497929597732	0.128571428571	0.33472498611
ccccgcac	10.97	0.00092527403712	0.5	0.5	0.157142857143	0.363935405796
cttagagac	10.85	0.000988026860353	0.272727272727	0.445361771415	0.0428571428571	0.202534955411
ctaagagat	10.85	0.000988026860353	0.272727272727	0.445361771415	0.0428571428571	0.202534955411
tatcc	-10.66	0.00109492768163	0.227272727273	0.419070202604	0.671428571429	0.469693777794
gatgat	-10.66	0.00109492768163	0.227272727273	0.419070202604	0.671428571429	0.469693777794
gccc	10.66	0.00109492768163	0.772727272727	0.419070202604	0.328571428571	0.469693777794
ggatac	10.66	0.00109492768163	0.772727272727	0.419070202604	0.328571428571	0.469693777794
caa	10.66	0.00109492768163	0.772727272727	0.419070202604	0.328571428571	0.469693777794
cagat	10.66	0.00109492768163	0.772727272727	0.419070202604	0.328571428571	0.469693777794
ctt	10.66	0.00109492768163	0.772727272727	0.419070202604	0.328571428571	0.469693777794
att	-10.66	0.00109492768163	0.227272727273	0.419070202604	0.671428571429	0.469693777794
tcgac	10.66	0.00109492768163	0.772727272727	0.419070202604	0.328571428571	0.469693777794
taatct	10.63	0.00111181793636	0.75	0.433012701892	0.314285714286	0.464230765979
cccctcgg	10.62	0.00111833048235	0.613636363636	0.486915574673	0.228571428571	0.419912527334
gcgttaccc	10.6	0.00113183021335	0.636363636364	0.481045692921	0.242857142857	0.428809457709
caaaaagc	10.59	0.00113924018423	0.681818181818	0.465770489362	0.271428571429	0.444696640465
tttcgat	10.3	0.00133354689791	0.409090909091	0.491666083018	0.114285714286	0.31815796359
taagtggtgg	10.13	0.00145577650719	0.227272727273	0.419070202604	0.0285714285714	0.166598625567
gagccaatcc	9.87	0.00167983650682	0.318181818182	0.465770489362	0.0714285714286	0.257539376819
cgcatcagc	9.78	0.00176436440772	0.5	0.5	0.171428571429	0.376883027379
gtat	9.77	0.00177564677568	0.75	0.433012701892	0.328571428571	0.469693777794
caagcct	9.77	0.00177564677568	0.75	0.433012701892	0.328571428571	0.469693777794
aaatctt	9.77	0.00177564677568	0.75	0.433012701892	0.328571428571	0.469693777794
ggaagcaa	9.67	0.00187023479169	0.545454545455	0.497929597732	0.2	0.4
cttttaa	9.66	0.00187818400098	0.681818181818	0.465770489362	0.285714285714	0.451753951453
agatatcat	9.66	0.00187818400098	0.681818181818	0.465770489362	0.285714285714	0.451753951453
aagcagg	9.64	0.00190005344361	0.568181818182	0.495329425402	0.214285714286	0.410325903324
cgaggaa	9.63	0.00191538224399	0.636363636364	0.481045692921	0.257142857143	0.437058815451
ccgcaa	9.63	0.00191538224399	0.636363636364	0.481045692921	0.257142857143	0.437058815451
aaggggac	9.61	0.00194027692341	0.181818181818	0.38569460792	0.0142857142857	0.118666055185
gtagagg	-9.56	0.00199284991504	0.159090909091	0.365760839533	0.528571428571	0.49918300599
ctggagac	9.55	0.0019977770835	0.340909090909	0.474014854878	0.0857142857143	0.27994168489
gcctggt	9.55	0.00200445181287	0.136363636364	0.343174292512	0.0	0.0
catgggat	9.55	0.00200445181287	0.136363636364	0.343174292512	0.0	0.0
tcggagt	-9.4	0.00217277670424	0.136363636364	0.343174292512	0.485714285714	0.499795876701
gtggtgg	9.31	0.00228216447965	0.363636363636	0.481045692921	0.1	0.3
agatac	9.12	0.00252822782694	0.386363636364	0.486915574673	0.114285714286	0.31815796359
aacc	-8.96	0.00276386803888	0.25	0.433012701892	0.657142857143	0.474664220738
tcgaa	-8.96	0.00276386803888	0.25	0.433012701892	0.657142857143	0.474664220738
cattgg	8.96	0.00276386803888	0.75	0.433012701892	0.342857142857	0.474664220738
ggtgg	8.96	0.00276386803888	0.75	0.433012701892	0.342857142857	0.474664220738
cgcctt	8.96	0.00276386803888	0.75	0.433012701892	0.342857142857	0.474664220738
ccatcc	8.96	0.00276386803888	0.75	0.433012701892	0.342857142857	0.474664220738
tctt	-8.96	0.00276386803888	0.25	0.433012701892	0.657142857143	0.474664220738
gcttcgc	-8.96	0.00276386803888	0.25	0.433012701892	0.657142857143	0.474664220738
tcagat	8.96	0.00276386803888	0.75	0.433012701892	0.342857142857	0.474664220738
ggtcgccc	-8.96	0.00276386803888	0.25	0.433012701892	0.657142857143	0.474664220738
cgaa	-8.96	0.00276386803888	0.25	0.433012701892	0.657142857143	0.474664220738
gctaa	8.96	0.00276386803888	0.75	0.433012701892	0.342857142857	0.474664220738
tcat	-8.96	0.00276386803888	0.25	0.433012701892	0.657142857143	0.474664220738
tcgc	-8.96	0.00276386803888	0.25	0.433012701892	0.657142857143	0.474664220738
ggtt	8.96	0.00276386803888	0.75	0.433012701892	0.342857142857	0.474664220738
caggtt	-8.96	0.00276386803888	0.25	0.433012701892	0.657142857143	0.474664220738
aggct	-8.96	0.00276386803888	0.25	0.433012701892	0.657142857143	0.474664220738
ccct	-8.96	0.00276386803888	0.25	0.433012701892	0.657142857143	0.474664220738
gcagg	8.96	0.00276386803888	0.75	0.433012701892	0.342857142857	0.474664220738
ggat	-8.96	0.00276386803888	0.25	0.433012701892	0.657142857143	0.474664220738
gtctaaagg	-8.95	0.00277493257693	0.204545454545	0.40336907612	0.585714285714	0.492598275702
gatgggg	8.95	0.00277963181819	0.272727272727	0.445361771415	0.0571428571429	0.23211538299
gaatagt	8.95	0.00277963181819	0.272727272727	0.445361771415	0.0571428571429	0.23211538299
gatggac	8.87	0.00290194694182	0.431818181818	0.495329425402	0.142857142857	0.349927106112
attagat	8.85	0.00292961039967	0.704545454545	0.456246815906	0.314285714286	0.464230765979
tcgctaa	8.85	0.00292961039967	0.704545454545	0.456246815906	0.314285714286	0.464230765979
atgtgtaa	8.8	0.00300525033355	0.681818181818	0.465770489362	0.3	0.458257569496
atcgcat	8.68	0.00322248181602	0.590909090909	0.491666083018	0.242857142857	0.428809457709
atgttctt	8.67	0.00323363373357	0.204545454545	0.40336907612	0.0285714285714	0.166598625567
ttgcattt	8.67	0.00323363373357	0.204545454545	0.40336907612	0.0285714285714	0.166598625567
gctttct	8.67	0.00323486830185	0.522727272727	0.499483203996	0.2	0.4
cgagctaa	8.66	0.00325032424603	0.545454545455	0.497929597732	0.214285714286	0.410325903324
ctagagac	8.66	0.00325032424603	0.545454545455	0.497929597732	0.214285714286	0.410325903324
gattcgt	8.66	0.00325032424603	0.545454545455	0.497929597732	0.214285714286	0.410325903324
gccttgat	-8.61	0.0033496657367	0.0681818181818	0.252057647873	0.342857142857	0.474664220738
tgggtgt	8.59	0.00338448200359	0.295454545455	0.456246815906	0.0714285714286	0.257539376819
gccgccc	8.59	0.00338448200359	0.295454545455	0.456246815906	0.0714285714286	0.257539376819
gaact	-8.49	0.00357394341118	0.25	0.433012701892	0.642857142857	0.47915742375
tagtctt	8.13	0.00435953658515	0.727272727273	0.445361771415	0.342857142857	0.474664220738
cctcagg	8.13	0.00436540088158	0.340909090909	0.474014854878	0.1	0.3
aagtccgttgg	8.07	0.00449324064937	0.159090909091	0.365760839533	0.0142857142857	0.118666055185
actagagat	8.07	0.00449324064937	0.159090909091	0.365760839533	0.0142857142857	0.118666055185
agagatatac	8.07	0.00449324064937	0.159090909091	0.365760839533	0.0142857142857	0.118666055185
cgtaaggtgg	8.07	0.00449324064937	0.159090909091	0.365760839533	0.0142857142857	0.118666055185
ccacaagaa	8.07	0.00449324064937	0.159090909091	0.365760839533	0.0142857142857	0.118666055185
cccgcaa	8.07	0.00449324064937	0.159090909091	0.365760839533	0.0142857142857	0.118666055185
gggttgg	8.06	0.00451894360639	0.704545454545	0.456246815906	0.328571428571	0.469693777794
aatgat	-8.03	0.00461178344911	0.25	0.433012701892	0.628571428571	0.483186700723
aagcttcc	8.0	0.00467541285516	0.681818181818	0.465770489362	0.314285714286	0.464230765979
cataaagg	7.98	0.00473173043593	0.363636363636	0.481045692921	0.114285714286	0.31815796359
tcctttcgg	-7.98	0.00473618782881	0.204545454545	0.40336907612	0.557142857143	0.496723961449
gactgggacgaa	7.95	0.00479667541887	0.113636363636	0.317369091904	0.0	0.0
tagatgctt	7.95	0.00479667541887	0.113636363636	0.317369091904	0.0	0.0
acagagc	7.95	0.00479667541887	0.113636363636	0.317369091904	0.0	0.0
actgataa	7.95	0.00479667541887	0.113636363636	0.317369091904	0.0	0.0
cgtagc	7.94	0.00482713146196	0.659090909091	0.474014854878	0.3	0.458257569496
ggattagt	7.87	0.00501900645108	0.386363636364	0.486915574673	0.128571428571	0.33472498611
ccgccgg	7.84	0.00510737229257	0.613636363636	0.486915574673	0.271428571429	0.444696640465
tcatggct	7.8	0.00523043009042	0.590909090909	0.491666083018	0.257142857143	0.437058815451
aaatctct	7.73	0.00542521849175	0.545454545455	0.497929597732	0.228571428571	0.419912527334
caagttaa	7.73	0.00542521849175	0.545454545455	0.497929597732	0.228571428571	0.419912527334
tgatagc	7.71	0.00547658297145	0.454545454545	0.497929597732	0.171428571429	0.376883027379
actaggtt	7.71	0.00548841544482	0.522727272727	0.499483203996	0.214285714286	0.410325903324
gtcatcat	7.64	0.00571784156933	0.25	0.433012701892	0.0571428571429	0.23211538299
gggtatcc	7.64	0.00571784156933	0.25	0.433012701892	0.0571428571429	0.23211538299
ataaagat	-7.46	0.0063019503309	0.0681818181818	0.252057647873	0.314285714286	0.464230765979
gtctt	7.4	0.00651297696552	0.727272727273	0.445361771415	0.357142857143	0.47915742375
gaccat	-7.4	0.00651297696552	0.272727272727	0.445361771415	0.642857142857	0.47915742375
actat	-7.4	0.00651297696552	0.272727272727	0.445361771415	0.642857142857	0.47915742375
tcgat	7.4	0.00651297696552	0.727272727273	0.445361771415	0.357142857143	0.47915742375
aagctaa	-7.4	0.00651297696552	0.272727272727	0.445361771415	0.642857142857	0.47915742375
ccat	-7.4	0.00651297696552	0.272727272727	0.445361771415	0.642857142857	0.47915742375
caaaa	7.4	0.00651297696552	0.727272727273	0.445361771415	0.357142857143	0.47915742375
cctggtgg	7.4	0.00651297696552	0.727272727273	0.445361771415	0.357142857143	0.47915742375
atcgt	-7.4	0.00651297696552	0.272727272727	0.445361771415	0.642857142857	0.47915742375
aagagt	-7.4	0.00651297696552	0.272727272727	0.445361771415	0.642857142857	0.47915742375
acgtgt	-7.4	0.00651297696552	0.272727272727	0.445361771415	0.642857142857	0.47915742375
ctcctt	7.4	0.00651297696552	0.727272727273	0.445361771415	0.357142857143	0.47915742375
aatac	-7.4	0.00651297696552	0.272727272727	0.445361771415	0.642857142857	0.47915742375
cccctat	-7.4	0.00651297696552	0.272727272727	0.445361771415	0.642857142857	0.47915742375
gcggaa	-7.4	0.00651297696552	0.272727272727	0.445361771415	0.642857142857	0.47915742375
cccc	7.4	0.00651297696552	0.727272727273	0.445361771415	0.357142857143	0.47915742375
atcat	7.4	0.00651297696552	0.727272727273	0.445361771415	0.357142857143	0.47915742375
gcttcc	7.4	0.00651297696552	0.727272727273	0.445361771415	0.357142857143	0.47915742375
cgac	-7.4	0.00651297696552	0.272727272727	0.445361771415	0.642857142857	0.47915742375
aagcaa	7.4	0.00651297696552	0.727272727273	0.445361771415	0.357142857143	0.47915742375
cttactt	7.4	0.00651297696552	0.727272727273	0.445361771415	0.357142857143	0.47915742375
cgat	7.4	0.00651297696552	0.727272727273	0.445361771415	0.357142857143	0.47915742375
ggggcagg	-7.4	0.00651297696552	0.272727272727	0.445361771415	0.642857142857	0.47915742375
gtgcctt	7.34	0.00673812642063	0.272727272727	0.445361771415	0.0714285714286	0.257539376819
cccgaaagg	7.34	0.00673812642063	0.272727272727	0.445361771415	0.0714285714286	0.257539376819
tcgttt	7.33	0.00679704791684	0.704545454545	0.456246815906	0.342857142857	0.474664220738
cagttgt	7.25	0.00708396023268	0.681818181818	0.465770489362	0.328571428571	0.469693777794
attcagat	7.25	0.00708396023268	0.681818181818	0.465770489362	0.328571428571	0.469693777794
agagac	7.18	0.00737181964049	0.659090909091	0.474014854878	0.314285714286	0.464230765979
tggatac	7.18	0.00737181964049	0.659090909091	0.474014854878	0.314285714286	0.464230765979
ggtggtgg	7.13	0.0075755329164	0.295454545455	0.456246815906	0.0857142857143	0.27994168489
cgggggt	-7.13	0.00760146940813	0.113636363636	0.317369091904	0.385714285714	0.486763572497
ggagttt	-7.06	0.00786606013244	0.0227272727273	0.149032693734	0.214285714286	0.410325903324
aatgctct	-7.06	0.00786606013244	0.0227272727273	0.149032693734	0.214285714286	0.410325903324
ggggagc	-7.03	0.00801573748961	0.204545454545	0.40336907612	0.528571428571	0.49918300599
gtctagg	-7.02	0.00807987457415	0.159090909091	0.365760839533	0.457142857143	0.498159879262
ccaccc	6.99	0.00821509330393	0.590909090909	0.491666083018	0.271428571429	0.444696640465
taccctaacc	6.98	0.00823419125469	0.318181818182	0.465770489362	0.1	0.3
tctaggtt	6.98	0.00823419125469	0.318181818182	0.465770489362	0.1	0.3
aactgc	-6.96	0.00831483098222	0.272727272727	0.445361771415	0.628571428571	0.483186700723
taatgg	-6.96	0.00831483098222	0.272727272727	0.445361771415	0.628571428571	0.483186700723
aacgcat	-6.96	0.00831483098222	0.272727272727	0.445361771415	0.628571428571	0.483186700723
cagttt	-6.84	0.0089151007272	0.227272727273	0.419070202604	0.557142857143	0.496723961449
ggtggac	6.81	0.00907767585452	0.363636363636	0.481045692921	0.128571428571	0.33472498611
gtcggacgt	6.81	0.00907767585452	0.363636363636	0.481045692921	0.128571428571	0.33472498611
ttggagt	6.81	0.00907767585452	0.363636363636	0.481045692921	0.128571428571	0.33472498611
atgcgc	-6.8	0.00913019713554	0.136363636364	0.343174292512	0.414285714286	0.492598275702
gtgagt	6.8	0.00913947441386	0.5	0.5	0.214285714286	0.410325903324
caatgc	-6.77	0.00925709047389	0.181818181818	0.38569460792	0.485714285714	0.499795876701
ggttat	6.77	0.00929392486576	0.477272727273	0.499483203996	0.2	0.4
cgtaatcc	6.74	0.00944581175315	0.431818181818	0.495329425402	0.171428571429	0.376883027379
agttagg	6.74	0.00944581175315	0.431818181818	0.495329425402	0.171428571429	0.376883027379
ggggtgg	6.71	0.00958702336479	0.204545454545	0.40336907612	0.0428571428571	0.202534955411
cttacggt	6.71	0.00958702336479	0.204545454545	0.40336907612	0.0428571428571	0.202534955411
cgaacac	6.71	0.00958702336479	0.204545454545	0.40336907612	0.0428571428571	0.202534955411
cgtctac	-6.68	0.00977443762277	0.25	0.433012701892	0.585714285714	0.492598275702
tagcgat	-6.68	0.00977443762277	0.25	0.433012701892	0.585714285714	0.492598275702
tggcagt	-6.68	0.00977443762277	0.25	0.433012701892	0.585714285714	0.492598275702
aacgt	6.64	0.00998331679237	0.704545454545	0.456246815906	0.357142857143	0.47915742375
gagat	6.64	0.00998331679237	0.704545454545	0.456246815906	0.357142857143	0.47915742375
agaaatcc	-6.6	0.0101818133635	0.113636363636	0.317369091904	0.371428571429	0.483186700723
aacgcgtcc	-6.57	0.0103916492503	0.204545454545	0.40336907612	0.514285714286	0.499795876701
aactgt	-6.57	0.0103916492503	0.204545454545	0.40336907612	0.514285714286	0.499795876701
ctaagac	-6.57	0.0103916492503	0.204545454545	0.40336907612	0.514285714286	0.499795876701
gagggctt	6.56	0.0104453070362	0.136363636364	0.343174292512	0.0142857142857	0.118666055185
gagaccgg	6.56	0.0104453070362	0.136363636364	0.343174292512	0.0142857142857	0.118666055185
gacttagc	6.56	0.0104453070362	0.136363636364	0.343174292512	0.0142857142857	0.118666055185
cgtggct	6.56	0.0104453070362	0.136363636364	0.343174292512	0.0142857142857	0.118666055185
ctagtgac	6.56	0.0104453070362	0.136363636364	0.343174292512	0.0142857142857	0.118666055185
cgatgaa	6.55	0.0104692945701	0.681818181818	0.465770489362	0.342857142857	0.474664220738
cagagc	-6.53	0.0105886365155	0.272727272727	0.445361771415	0.614285714286	0.486763572497
agcagt	-6.53	0.0105886365155	0.272727272727	0.445361771415	0.614285714286	0.486763572497
gaatgc	-6.53	0.0106271509142	0.159090909091	0.365760839533	0.442857142857	0.496723961449
cgctaa	6.47	0.0109676310399	0.659090909091	0.474014854878	0.328571428571	0.469693777794
aaggtgc	-6.45	0.0110782158901	0.0227272727273	0.149032693734	0.2	0.4
tccggtac	6.39	0.0114763349158	0.636363636364	0.481045692921	0.314285714286	0.464230765979
tcgggat	6.37	0.0116214949281	0.227272727273	0.419070202604	0.0571428571429	0.23211538299
acattgg	6.37	0.0116214949281	0.227272727273	0.419070202604	0.0571428571429	0.23211538299
ctgtgac	6.37	0.0116214949281	0.227272727273	0.419070202604	0.0571428571429	0.23211538299
cgaggtgg	6.37	0.0116214949281	0.227272727273	0.419070202604	0.0571428571429	0.23211538299
atttcggat	6.36	0.0116482577894	0.0909090909091	0.287479787288	0.0	0.0
taggactaa	6.36	0.0116482577894	0.0909090909091	0.287479787288	0.0	0.0
cggaagc	6.36	0.0116482577894	0.0909090909091	0.287479787288	0.0	0.0
attaaagaa	6.36	0.0116482577894	0.0909090909091	0.287479787288	0.0	0.0
gcctacac	6.36	0.0116482577894	0.0909090909091	0.287479787288	0.0	0.0
aaagtttcgg	6.36	0.0116482577894	0.0909090909091	0.287479787288	0.0	0.0
cttaatacgt	6.36	0.0116482577894	0.0909090909091	0.287479787288	0.0	0.0
aggacggtac	6.36	0.0116482577894	0.0909090909091	0.287479787288	0.0	0.0
gtccgcaa	6.36	0.0116482577894	0.0909090909091	0.287479787288	0.0	0.0
cttaagtcgg	6.36	0.0116482577894	0.0909090909091	0.287479787288	0.0	0.0
cttttgggg	6.36	0.0116482577894	0.0909090909091	0.287479787288	0.0	0.0
ctgggaa	-6.32	0.0119593664871	0.0454545454545	0.208298895225	0.242857142857	0.428809457709
gctaacc	6.31	0.0119928096147	0.613636363636	0.486915574673	0.3	0.458257569496
ttctagt	-6.29	0.0121715013479	0.0	0.0	0.142857142857	0.349927106112
gggctttcc	-6.29	0.0121715013479	0.0	0.0	0.142857142857	0.349927106112
acaagc	6.24	0.0125137226339	0.590909090909	0.491666083018	0.285714285714	0.451753951453
ggtcgac	6.24	0.0125137226339	0.590909090909	0.491666083018	0.285714285714	0.451753951453
ccacgt	6.16	0.0130348473668	0.568181818182	0.495329425402	0.271428571429	0.444696640465
aagcgttat	6.14	0.0132277484271	0.25	0.433012701892	0.0714285714286	0.257539376819
gccaatcc	6.14	0.0132277484271	0.25	0.433012701892	0.0714285714286	0.257539376819
gctatat	-6.05	0.0139449151817	0.159090909091	0.365760839533	0.428571428571	0.494871659305
gcggagg	-6.05	0.0139449151817	0.159090909091	0.365760839533	0.428571428571	0.494871659305
tagt	6.0	0.0143375066845	0.704545454545	0.456246815906	0.371428571429	0.483186700723
ggcagg	-6.0	0.0143375066845	0.295454545455	0.456246815906	0.628571428571	0.483186700723
ttggat	-6.0	0.0143375066845	0.295454545455	0.456246815906	0.628571428571	0.483186700723
ctggtcc	-6.0	0.0143375066845	0.295454545455	0.456246815906	0.628571428571	0.483186700723
gccat	-6.0	0.0143375066845	0.295454545455	0.456246815906	0.628571428571	0.483186700723
cgatgac	-6.0	0.0143375066845	0.295454545455	0.456246815906	0.628571428571	0.483186700723
cgcct	-6.0	0.0143375066845	0.295454545455	0.456246815906	0.628571428571	0.483186700723
cctgc	-6.0	0.0143375066845	0.295454545455	0.456246815906	0.628571428571	0.483186700723
gctaagac	-6.0	0.0143375066845	0.295454545455	0.456246815906	0.628571428571	0.483186700723
cctttcgg	6.0	0.0143375066845	0.704545454545	0.456246815906	0.371428571429	0.483186700723
ctaatgg	-6.0	0.0143375066845	0.295454545455	0.456246815906	0.628571428571	0.483186700723
ctttaa	-6.0	0.0143375066845	0.295454545455	0.456246815906	0.628571428571	0.483186700723
cggtcgc	-6.0	0.0143375066845	0.295454545455	0.456246815906	0.628571428571	0.483186700723
attgc	-6.0	0.0143375066845	0.295454545455	0.456246815906	0.628571428571	0.483186700723
aggtt	6.0	0.0143375066845	0.704545454545	0.456246815906	0.371428571429	0.483186700723
catcgg	-6.0	0.0143375066845	0.295454545455	0.456246815906	0.628571428571	0.483186700723
ccgagt	-6.0	0.0143375066845	0.295454545455	0.456246815906	0.628571428571	0.483186700723
gac	-6.0	0.0143375066845	0.295454545455	0.456246815906	0.628571428571	0.483186700723
gggc	6.0	0.0143375066845	0.704545454545	0.456246815906	0.371428571429	0.483186700723
cgt	6.0	0.0143375066845	0.704545454545	0.456246815906	0.371428571429	0.483186700723
agggg	6.0	0.0143375066845	0.704545454545	0.456246815906	0.371428571429	0.483186700723
aagactac	5.98	0.0144328239388	0.272727272727	0.445361771415	0.0857142857143	0.27994168489
ctgtggac	5.98	0.0144328239388	0.272727272727	0.445361771415	0.0857142857143	0.27994168489
tggatat	5.98	0.0144328239388	0.272727272727	0.445361771415	0.0857142857143	0.27994168489
caagtcgat	5.98	0.0144328239388	0.272727272727	0.445361771415	0.0857142857143	0.27994168489
ctgcgc	5.98	0.0144328239388	0.272727272727	0.445361771415	0.0857142857143	0.27994168489
aagcgagc	5.98	0.0144328239388	0.272727272727	0.445361771415	0.0857142857143	0.27994168489
gggtat	5.97	0.0145394973081	0.5	0.5	0.228571428571	0.419912527334
actcctt	-5.95	0.0147252472874	0.227272727273	0.419070202604	0.528571428571	0.49918300599
gccctat	5.92	0.0149937017819	0.477272727273	0.499483203996	0.214285714286	0.410325903324
agttcgt	5.92	0.0149937017819	0.477272727273	0.499483203996	0.214285714286	0.410325903324
tggtagt	5.9	0.0151135074589	0.681818181818	0.465770489362	0.357142857143	0.47915742375
agcctt	5.9	0.0151135074589	0.681818181818	0.465770489362	0.357142857143	0.47915742375
tactt	5.9	0.0151135074589	0.681818181818	0.465770489362	0.357142857143	0.47915742375
gcccat	5.9	0.0151135074589	0.681818181818	0.465770489362	0.357142857143	0.47915742375
gaagttgg	5.88	0.0152861735145	0.295454545455	0.456246815906	0.1	0.3
aaactcaa	5.88	0.0152861735145	0.295454545455	0.456246815906	0.1	0.3
cgggaaac	5.88	0.0152861735145	0.295454545455	0.456246815906	0.1	0.3
ggcctct	5.88	0.0152861735145	0.295454545455	0.456246815906	0.1	0.3
gtcagat	5.87	0.015405263018	0.454545454545	0.497929597732	0.2	0.4
ggacctt	5.87	0.015405263018	0.454545454545	0.497929597732	0.2	0.4
tgcgggaa	-5.84	0.0156280459246	0.0227272727273	0.149032693734	0.185714285714	0.388875931109
cccatcac	5.83	0.0157562866449	0.159090909091	0.365760839533	0.0285714285714	0.166598625567
aatctgcct	5.83	0.0157562866449	0.159090909091	0.365760839533	0.0285714285714	0.166598625567
tacggcaa	5.83	0.0157562866449	0.159090909091	0.365760839533	0.0285714285714	0.166598625567
cagcgac	5.83	0.0157562866449	0.159090909091	0.365760839533	0.0285714285714	0.166598625567
aagaagac	5.83	0.0157562866449	0.159090909091	0.365760839533	0.0285714285714	0.166598625567
gtgtagg	5.82	0.0158421799065	0.318181818182	0.465770489362	0.114285714286	0.31815796359
aatccctt	5.82	0.0158421799065	0.318181818182	0.465770489362	0.114285714286	0.31815796359
aaaggtttac	5.82	0.0158421799065	0.318181818182	0.465770489362	0.114285714286	0.31815796359
atttagt	5.81	0.0159213342547	0.659090909091	0.474014854878	0.342857142857	0.474664220738
gtagac	-5.81	0.0159249417759	0.25	0.433012701892	0.557142857143	0.496723961449
tatgac	-5.8	0.0159982207172	0.136363636364	0.343174292512	0.385714285714	0.486763572497
atgccac	-5.8	0.0159982207172	0.136363636364	0.343174292512	0.385714285714	0.486763572497
gagggc	5.8	0.0160356472439	0.409090909091	0.491666083018	0.171428571429	0.376883027379
aaagctgg	5.8	0.0160356472439	0.409090909091	0.491666083018	0.171428571429	0.376883027379
tacgtctt	5.8	0.0160356472439	0.409090909091	0.491666083018	0.171428571429	0.376883027379
aggttgc	5.79	0.0161524555896	0.340909090909	0.474014854878	0.128571428571	0.33472498611
ggcctttt	5.79	0.0161524555896	0.340909090909	0.474014854878	0.128571428571	0.33472498611
cgatgaccgg	-5.78	0.0161791929637	0.0681818181818	0.252057647873	0.271428571429	0.444696640465
tcgatagt	5.78	0.0162128781849	0.386363636364	0.486915574673	0.157142857143	0.363935405796
gaactgc	5.78	0.0162128781849	0.386363636364	0.486915574673	0.157142857143	0.363935405796
acttcggtt	5.78	0.0162128781849	0.386363636364	0.486915574673	0.157142857143	0.363935405796
tccttcac	5.78	0.0162128781849	0.386363636364	0.486915574673	0.157142857143	0.363935405796
cacctgagt	5.78	0.0162128781849	0.386363636364	0.486915574673	0.157142857143	0.363935405796
cagttcgt	5.77	0.0162628828193	0.363636363636	0.481045692921	0.142857142857	0.349927106112
cttggac	5.77	0.0162628828193	0.363636363636	0.481045692921	0.142857142857	0.349927106112
ggattcat	-5.74	0.0166048781037	0.0454545454545	0.208298895225	0.228571428571	0.419912527334
tatgacgc	-5.74	0.0166048781037	0.0454545454545	0.208298895225	0.228571428571	0.419912527334
ctttcac	5.72	0.0167601831171	0.636363636364	0.481045692921	0.328571428571	0.469693777794
ctaaaaagc	-5.66	0.0173844203521	0.0	0.0	0.128571428571	0.33472498611
tgtatcac	-5.66	0.0173844203521	0.0	0.0	0.128571428571	0.33472498611
ggctttat	-5.66	0.0173844203521	0.0	0.0	0.128571428571	0.33472498611
ccgggat	5.63	0.0176286640859	0.613636363636	0.486915574673	0.314285714286	0.464230765979
tcattgg	5.55	0.0185246489469	0.590909090909	0.491666083018	0.3	0.458257569496
caacgt	5.55	0.0185246489469	0.590909090909	0.491666083018	0.3	0.458257569496
actcgat	-5.52	0.0188471666418	0.227272727273	0.419070202604	0.514285714286	0.499795876701
ctttgc	5.46	0.0194450815088	0.568181818182	0.495329425402	0.285714285714	0.451753951453
aagtctt	5.46	0.0194450815088	0.568181818182	0.495329425402	0.285714285714	0.451753951453
gggtcatgc	5.41	0.0200579051514	0.181818181818	0.38569460792	0.0428571428571	0.202534955411
acgggcaa	5.41	0.0200579051514	0.181818181818	0.38569460792	0.0428571428571	0.202534955411
gtgatac	5.41	0.0200579051514	0.181818181818	0.38569460792	0.0428571428571	0.202534955411
ctcttagt	5.41	0.0200579051514	0.181818181818	0.38569460792	0.0428571428571	0.202534955411
tgacgaa	5.41	0.0200579051514	0.181818181818	0.38569460792	0.0428571428571	0.202534955411
gtcattgt	5.41	0.0200579051514	0.181818181818	0.38569460792	0.0428571428571	0.202534955411
cttgagt	-5.39	0.0202968357836	0.0909090909091	0.287479787288	0.3	0.458257569496
aatagaa	-5.39	0.0202968357836	0.0909090909091	0.287479787288	0.3	0.458257569496
accagaa	-5.38	0.0203523226961	0.181818181818	0.38569460792	0.442857142857	0.496723961449
ccgagg	-5.38	0.0203523226961	0.181818181818	0.38569460792	0.442857142857	0.496723961449
atttcc	5.38	0.0203857405251	0.545454545455	0.497929597732	0.271428571429	0.444696640465
gcctat	5.38	0.0203857405251	0.545454545455	0.497929597732	0.271428571429	0.444696640465
gataacc	-5.32	0.021102054489	0.136363636364	0.343174292512	0.371428571429	0.483186700723
gaacc	5.3	0.0213401940669	0.681818181818	0.465770489362	0.371428571429	0.483186700723
tggcattt	5.3	0.0213401940669	0.681818181818	0.465770489362	0.371428571429	0.483186700723
gacagc	5.3	0.0213409425329	0.522727272727	0.499483203996	0.257142857143	0.437058815451
aaggaa	5.3	0.0213409425329	0.522727272727	0.499483203996	0.257142857143	0.437058815451
agatatt	-5.24	0.0220877287321	0.0227272727273	0.149032693734	0.171428571429	0.376883027379
cttggtgc	-5.24	0.0220877287321	0.0227272727273	0.149032693734	0.171428571429	0.376883027379
attaaagc	-5.24	0.0220877287321	0.0227272727273	0.149032693734	0.171428571429	0.376883027379
aattagc	-5.24	0.0221123860116	0.0681818181818	0.252057647873	0.257142857143	0.437058815451
tg	-5.24	0.0221123860116	0.0681818181818	0.252057647873	0.257142857143	0.437058815451
gcaatcc	-5.22	0.0222864274186	0.204545454545	0.40336907612	0.471428571429	0.49918300599
ccctcgg	-5.22	0.0222864274186	0.204545454545	0.40336907612	0.471428571429	0.49918300599
gaccctgt	-5.22	0.0222864274186	0.204545454545	0.40336907612	0.471428571429	0.49918300599
aagcgat	-5.22	0.0222864274186	0.204545454545	0.40336907612	0.471428571429	0.49918300599
aggt	5.22	0.0223031681523	0.5	0.5	0.242857142857	0.428809457709
gcgttgc	5.2	0.0225840757923	0.659090909091	0.474014854878	0.357142857143	0.47915742375
agaaggct	-5.19	0.0226665006305	0.295454545455	0.456246815906	0.6	0.489897948557
aaaact	-5.19	0.0226665006305	0.295454545455	0.456246815906	0.6	0.489897948557
gggtctt	5.15	0.0232625905056	0.477272727273	0.499483203996	0.228571428571	0.419912527334
cgcgct	5.15	0.0232625905056	0.477272727273	0.499483203996	0.228571428571	0.419912527334
agggggc	5.15	0.0232625905056	0.477272727273	0.499483203996	0.228571428571	0.419912527334
gcaagtcgc	5.15	0.0232764849774	0.204545454545	0.40336907612	0.0571428571429	0.23211538299
cgggggat	5.15	0.0232764849774	0.204545454545	0.40336907612	0.0571428571429	0.23211538299
aggctagc	5.15	0.0232764849774	0.204545454545	0.40336907612	0.0571428571429	0.23211538299
gaaattt	-5.11	0.0238257450401	0.159090909091	0.365760839533	0.4	0.489897948557
ggttcc	5.1	0.0238914199274	0.636363636364	0.481045692921	0.342857142857	0.474664220738
ggacgttac	5.08	0.0242064780473	0.454545454545	0.497929597732	0.214285714286	0.410325903324
agttggggac	5.07	0.0243871958805	0.113636363636	0.317369091904	0.0142857142857	0.118666055185
catggaa	5.07	0.0243871958805	0.113636363636	0.317369091904	0.0142857142857	0.118666055185
aatgcac	5.07	0.0243871958805	0.113636363636	0.317369091904	0.0142857142857	0.118666055185
acaagat	5.07	0.0243871958805	0.113636363636	0.317369091904	0.0142857142857	0.118666055185
ttgacat	5.07	0.0243871958805	0.113636363636	0.317369091904	0.0142857142857	0.118666055185
gaagttttt	5.07	0.0243871958805	0.113636363636	0.317369091904	0.0142857142857	0.118666055185
cagactgg	5.07	0.0243871958805	0.113636363636	0.317369091904	0.0142857142857	0.118666055185
gagcaacc	5.07	0.0243871958805	0.113636363636	0.317369091904	0.0142857142857	0.118666055185
tcggggaaac	5.07	0.0243871958805	0.113636363636	0.317369091904	0.0142857142857	0.118666055185
taaaaagc	5.07	0.0243871958805	0.113636363636	0.317369091904	0.0142857142857	0.118666055185
cgactgcat	5.07	0.0243871958805	0.113636363636	0.317369091904	0.0142857142857	0.118666055185
cttattgt	5.07	0.0243871958805	0.113636363636	0.317369091904	0.0142857142857	0.118666055185
tgcaaac	5.07	0.0243871958805	0.113636363636	0.317369091904	0.0142857142857	0.118666055185
aattgttt	-5.03	0.0249324556029	0.0	0.0	0.114285714286	0.31815796359
tctggac	-5.03	0.0249324556029	0.0	0.0	0.114285714286	0.31815796359
cggagac	5.02	0.0251184358545	0.431818181818	0.495329425402	0.2	0.4
cggtgg	5.01	0.0252633972666	0.613636363636	0.486915574673	0.328571428571	0.469693777794
aatctcc	5.01	0.0252633972666	0.613636363636	0.486915574673	0.328571428571	0.469693777794
gcactcc	5.01	0.0252633972666	0.613636363636	0.486915574673	0.328571428571	0.469693777794
ggaacgt	5.01	0.0252633972666	0.613636363636	0.486915574673	0.328571428571	0.469693777794
atgccgt	4.99	0.0255382563102	0.227272727273	0.419070202604	0.0714285714286	0.257539376819
attggtac	4.99	0.0255382563102	0.227272727273	0.419070202604	0.0714285714286	0.257539376819
ggacctac	4.96	0.0259774389508	0.409090909091	0.491666083018	0.185714285714	0.388875931109
cagtcagg	-4.94	0.0263170738223	0.181818181818	0.38569460792	0.428571428571	0.494871659305
atctctt	4.91	0.0267006373285	0.590909090909	0.491666083018	0.314285714286	0.464230765979
cctcaa	4.91	0.0267565983838	0.386363636364	0.486915574673	0.171428571429	0.376883027379
gaacgac	4.91	0.0267565983838	0.386363636364	0.486915574673	0.171428571429	0.376883027379
agatctt	4.91	0.0267565983838	0.386363636364	0.486915574673	0.171428571429	0.376883027379
agagagt	4.89	0.0270140010234	0.25	0.433012701892	0.0857142857143	0.27994168489
gggaatt	4.89	0.0270140010234	0.25	0.433012701892	0.0857142857143	0.27994168489
ggtattcc	4.89	0.0270140010234	0.25	0.433012701892	0.0857142857143	0.27994168489
gaggtgg	4.89	0.0270140010234	0.25	0.433012701892	0.0857142857143	0.27994168489
ataaaatt	-4.89	0.0270870185973	0.272727272727	0.445361771415	0.557142857143	0.496723961449
ggaagaa	-4.89	0.0270870185973	0.272727272727	0.445361771415	0.557142857143	0.496723961449
ggtctaa	-4.87	0.0273254439416	0.0909090909091	0.287479787288	0.285714285714	0.451753951453
cagcgat	-4.87	0.0273254439416	0.0909090909091	0.287479787288	0.285714285714	0.451753951453
tctgctt	4.86	0.0274215861335	0.363636363636	0.481045692921	0.157142857143	0.363935405796
agtccac	4.86	0.0274215861335	0.363636363636	0.481045692921	0.157142857143	0.363935405796
aaaggtttt	4.86	0.0274215861335	0.363636363636	0.481045692921	0.157142857143	0.363935405796
tgcgat	-4.84	0.0277601894555	0.136363636364	0.343174292512	0.357142857143	0.47915742375
acccgccc	4.84	0.0278655950861	0.272727272727	0.445361771415	0.1	0.3
tccgtat	4.84	0.0278655950861	0.272727272727	0.445361771415	0.1	0.3
ggtgtagc	4.83	0.0279286310945	0.340909090909	0.474014854878	0.142857142857	0.349927106112
gtgcactt	4.83	0.0279286310945	0.340909090909	0.474014854878	0.142857142857	0.349927106112
taagcaa	4.83	0.0279286310945	0.340909090909	0.474014854878	0.142857142857	0.349927106112
cgtcaa	4.82	0.0282030445318	0.568181818182	0.495329425402	0.3	0.458257569496
ctgcctt	4.81	0.0282219930119	0.318181818182	0.465770489362	0.128571428571	0.33472498611
ggggttcgg	4.81	0.028230844574	0.295454545455	0.456246815906	0.114285714286	0.31815796359
attaggtt	4.81	0.028230844574	0.295454545455	0.456246815906	0.114285714286	0.31815796359
attcggtt	4.81	0.028230844574	0.295454545455	0.456246815906	0.114285714286	0.31815796359
cgcgtgc	4.81	0.028230844574	0.295454545455	0.456246815906	0.114285714286	0.31815796359
gggggagt	4.81	0.028230844574	0.295454545455	0.456246815906	0.114285714286	0.31815796359
gcgacac	4.81	0.028230844574	0.295454545455	0.456246815906	0.114285714286	0.31815796359
tatgccgg	4.77	0.028913987343	0.0681818181818	0.252057647873	0.0	0.0
ccgggaaaccgg	4.77	0.028913987343	0.0681818181818	0.252057647873	0.0	0.0
aggggtgg	4.77	0.028913987343	0.0681818181818	0.252057647873	0.0	0.0
ggtagtaact	4.77	0.028913987343	0.0681818181818	0.252057647873	0.0	0.0
ggaacctgg	4.77	0.028913987343	0.0681818181818	0.252057647873	0.0	0.0
ggtgtggcc	4.77	0.028913987343	0.0681818181818	0.252057647873	0.0	0.0
gagtacct	4.77	0.028913987343	0.0681818181818	0.252057647873	0.0	0.0
actaggtgt	4.77	0.028913987343	0.0681818181818	0.252057647873	0.0	0.0
tggcgagt	4.77	0.028913987343	0.0681818181818	0.252057647873	0.0	0.0
gatacac	4.77	0.028913987343	0.0681818181818	0.252057647873	0.0	0.0
ccgaagtcgt	4.77	0.028913987343	0.0681818181818	0.252057647873	0.0	0.0
gggctcac	4.77	0.028913987343	0.0681818181818	0.252057647873	0.0	0.0
aaacgcat	4.77	0.028913987343	0.0681818181818	0.252057647873	0.0	0.0
aggggcac	4.77	0.028913987343	0.0681818181818	0.252057647873	0.0	0.0
ccttcgggat	4.77	0.028913987343	0.0681818181818	0.252057647873	0.0	0.0
tatgccgc	4.77	0.028913987343	0.0681818181818	0.252057647873	0.0	0.0
attgcagt	4.77	0.028913987343	0.0681818181818	0.252057647873	0.0	0.0
accgccagt	4.77	0.028913987343	0.0681818181818	0.252057647873	0.0	0.0
ggtcacac	4.77	0.028913987343	0.0681818181818	0.252057647873	0.0	0.0
acttcagg	4.77	0.028913987343	0.0681818181818	0.252057647873	0.0	0.0
actaggcgt	4.77	0.028913987343	0.0681818181818	0.252057647873	0.0	0.0
gcctaaagc	4.77	0.028913987343	0.0681818181818	0.252057647873	0.0	0.0
cgcctgt	4.77	0.028913987343	0.0681818181818	0.252057647873	0.0	0.0
ggttgat	4.77	0.028913987343	0.0681818181818	0.252057647873	0.0	0.0
gagtgagt	4.77	0.028913987343	0.0681818181818	0.252057647873	0.0	0.0
acgctgg	4.77	0.028913987343	0.0681818181818	0.252057647873	0.0	0.0
gaggaact	4.77	0.028913987343	0.0681818181818	0.252057647873	0.0	0.0
atcagcaat	4.77	0.028913987343	0.0681818181818	0.252057647873	0.0	0.0
actgcctt	4.77	0.028913987343	0.0681818181818	0.252057647873	0.0	0.0
agaattagt	4.77	0.028913987343	0.0681818181818	0.252057647873	0.0	0.0
gctcaacgcgt	4.77	0.028913987343	0.0681818181818	0.252057647873	0.0	0.0
agaaatat	4.77	0.028913987343	0.0681818181818	0.252057647873	0.0	0.0
cgggt	-4.74	0.029509142438	0.318181818182	0.465770489362	0.614285714286	0.486763572497
gactagg	-4.74	0.029509142438	0.318181818182	0.465770489362	0.614285714286	0.486763572497
gggttat	4.74	0.029509142438	0.681818181818	0.465770489362	0.385714285714	0.486763572497
atcccc	-4.74	0.029509142438	0.318181818182	0.465770489362	0.614285714286	0.486763572497
ggct	-4.74	0.029509142438	0.318181818182	0.465770489362	0.614285714286	0.486763572497
taagt	-4.74	0.029509142438	0.318181818182	0.465770489362	0.614285714286	0.486763572497
cgccaa	4.74	0.029509142438	0.681818181818	0.465770489362	0.385714285714	0.486763572497
attcc	4.74	0.029509142438	0.681818181818	0.465770489362	0.385714285714	0.486763572497
gctt	4.74	0.029509142438	0.681818181818	0.465770489362	0.385714285714	0.486763572497
cttagc	-4.74	0.029509142438	0.318181818182	0.465770489362	0.614285714286	0.486763572497
ggctt	-4.74	0.029509142438	0.318181818182	0.465770489362	0.614285714286	0.486763572497
gaaatt	-4.74	0.029509142438	0.318181818182	0.465770489362	0.614285714286	0.486763572497
ctgtgc	-4.74	0.029509142438	0.318181818182	0.465770489362	0.614285714286	0.486763572497
accagt	-4.74	0.029509142438	0.318181818182	0.465770489362	0.614285714286	0.486763572497
aggtagg	-4.74	0.029509142438	0.318181818182	0.465770489362	0.614285714286	0.486763572497
aacgc	-4.74	0.029509142438	0.318181818182	0.465770489362	0.614285714286	0.486763572497
attaa	-4.74	0.029509142438	0.318181818182	0.465770489362	0.614285714286	0.486763572497
gcgttac	4.74	0.029509142438	0.681818181818	0.465770489362	0.385714285714	0.486763572497
cttaact	-4.74	0.029509142438	0.318181818182	0.465770489362	0.614285714286	0.486763572497
ggaacgc	-4.74	0.029509142438	0.318181818182	0.465770489362	0.614285714286	0.486763572497
tatcgg	-4.74	0.029509142438	0.318181818182	0.465770489362	0.614285714286	0.486763572497
catcgggt	-4.74	0.029509142438	0.318181818182	0.465770489362	0.614285714286	0.486763572497
caacc	-4.74	0.029509142438	0.318181818182	0.465770489362	0.614285714286	0.486763572497
gaagt	4.74	0.029509142438	0.681818181818	0.465770489362	0.385714285714	0.486763572497
tcagg	4.74	0.029509142438	0.681818181818	0.465770489362	0.385714285714	0.486763572497
aaggct	-4.74	0.029509142438	0.318181818182	0.465770489362	0.614285714286	0.486763572497
ccatct	-4.74	0.029509142438	0.318181818182	0.465770489362	0.614285714286	0.486763572497
gcat	4.74	0.029509142438	0.681818181818	0.465770489362	0.385714285714	0.486763572497
caggagc	4.72	0.0297695617948	0.545454545455	0.497929597732	0.285714285714	0.451753951453
gagaatct	-4.64	0.0312834980854	0.0227272727273	0.149032693734	0.157142857143	0.363935405796
ggaaattcc	-4.64	0.0312834980854	0.0227272727273	0.149032693734	0.157142857143	0.363935405796
aatactat	-4.64	0.0312834980854	0.0227272727273	0.149032693734	0.157142857143	0.363935405796
gagtattt	-4.64	0.0312834980854	0.0227272727273	0.149032693734	0.157142857143	0.363935405796
tcgctt	4.63	0.0313447941953	0.659090909091	0.474014854878	0.371428571429	0.483186700723
gactaa	4.63	0.0313447941953	0.659090909091	0.474014854878	0.371428571429	0.483186700723
tccct	4.63	0.0313447941953	0.659090909091	0.474014854878	0.371428571429	0.483186700723
cgtcgt	4.63	0.0313447941953	0.659090909091	0.474014854878	0.371428571429	0.483186700723
tcgggt	4.63	0.031397865529	0.522727272727	0.499483203996	0.271428571429	0.444696640465
gaccaa	4.63	0.031397865529	0.522727272727	0.499483203996	0.271428571429	0.444696640465
ggcaccc	-4.6	0.0320143694333	0.0454545454545	0.208298895225	0.2	0.4
cgtattaa	-4.6	0.0320143694333	0.0454545454545	0.208298895225	0.2	0.4
gaagccac	-4.59	0.0321095072458	0.113636363636	0.317369091904	0.314285714286	0.464230765979
aatatgc	-4.59	0.0321095072458	0.113636363636	0.317369091904	0.314285714286	0.464230765979
ccgggg	4.54	0.0330839705188	0.5	0.5	0.257142857143	0.437058815451
aattcgt	4.54	0.0330839705188	0.5	0.5	0.257142857143	0.437058815451
cgtat	4.53	0.0332909805918	0.636363636364	0.481045692921	0.357142857143	0.47915742375
ctgtc	4.53	0.0332909805918	0.636363636364	0.481045692921	0.357142857143	0.47915742375
ttatcc	4.53	0.0332909805918	0.636363636364	0.481045692921	0.357142857143	0.47915742375
tccgat	4.53	0.0332909805918	0.636363636364	0.481045692921	0.357142857143	0.47915742375
cgagagat	-4.5	0.0339233915304	0.181818181818	0.38569460792	0.414285714286	0.492598275702
gctatt	-4.49	0.0339948883269	0.272727272727	0.445361771415	0.542857142857	0.498159879262
cagagaa	-4.49	0.0339948883269	0.272727272727	0.445361771415	0.542857142857	0.498159879262
ccgtaggtgg	4.47	0.0344268924131	0.136363636364	0.343174292512	0.0285714285714	0.166598625567
taccttat	4.47	0.0344268924131	0.136363636364	0.343174292512	0.0285714285714	0.166598625567
actgttgt	4.47	0.0344268924131	0.136363636364	0.343174292512	0.0285714285714	0.166598625567
acactcgg	4.47	0.0344268924131	0.136363636364	0.343174292512	0.0285714285714	0.166598625567
ctccggat	4.47	0.0344268924131	0.136363636364	0.343174292512	0.0285714285714	0.166598625567
agaagggg	4.47	0.0344268924131	0.136363636364	0.343174292512	0.0285714285714	0.166598625567
cgaatagg	4.47	0.0344268924131	0.136363636364	0.343174292512	0.0285714285714	0.166598625567
agccctt	4.47	0.0344268924131	0.136363636364	0.343174292512	0.0285714285714	0.166598625567
cgttagg	4.45	0.0348217155728	0.477272727273	0.499483203996	0.242857142857	0.428809457709
tcgctat	4.45	0.0348217155728	0.477272727273	0.499483203996	0.242857142857	0.428809457709
gcctttcgg	4.45	0.0348217155728	0.477272727273	0.499483203996	0.242857142857	0.428809457709
gtaaat	4.45	0.0348217155728	0.477272727273	0.499483203996	0.242857142857	0.428809457709
cgatac	4.43	0.0353531523418	0.613636363636	0.486915574673	0.342857142857	0.474664220738
ggtttaa	4.43	0.0353531523418	0.613636363636	0.486915574673	0.342857142857	0.474664220738
gtcctct	4.43	0.0353531523418	0.613636363636	0.486915574673	0.342857142857	0.474664220738
gacac	4.43	0.0353531523418	0.613636363636	0.486915574673	0.342857142857	0.474664220738
tgaagt	4.43	0.0353531523418	0.613636363636	0.486915574673	0.342857142857	0.474664220738
tctccgt	-4.43	0.0353953971855	0.295454545455	0.456246815906	0.571428571429	0.494871659305
ccgtggcgaa	-4.4	0.035938930574	0.0	0.0	0.1	0.3
tgggtgg	-4.4	0.035938930574	0.0	0.0	0.1	0.3
gtaaaagg	-4.4	0.035938930574	0.0	0.0	0.1	0.3
ggcggagt	-4.4	0.035938930574	0.0	0.0	0.1	0.3
gtaaggac	4.37	0.0366020901791	0.454545454545	0.497929597732	0.228571428571	0.419912527334
gagagg	-4.37	0.0366160414485	0.318181818182	0.465770489362	0.6	0.489897948557
accctgat	-4.36	0.0367089895405	0.0909090909091	0.287479787288	0.271428571429	0.444696640465
gccttct	4.33	0.0375366798676	0.590909090909	0.491666083018	0.328571428571	0.469693777794
cgttctt	4.33	0.0375366798676	0.590909090909	0.491666083018	0.328571428571	0.469693777794
gttttcc	4.33	0.0375366798676	0.590909090909	0.491666083018	0.328571428571	0.469693777794
ggtaacgt	4.29	0.0384123473303	0.431818181818	0.495329425402	0.214285714286	0.410325903324
aagggccc	4.29	0.0384123473303	0.431818181818	0.495329425402	0.214285714286	0.410325903324
gacctaa	4.29	0.0384123473303	0.431818181818	0.495329425402	0.214285714286	0.410325903324
agtcgc	4.29	0.0384123473303	0.431818181818	0.495329425402	0.214285714286	0.410325903324
ctgcat	4.29	0.0384123473303	0.431818181818	0.495329425402	0.214285714286	0.410325903324
ggcagat	-4.27	0.0387934816295	0.227272727273	0.419070202604	0.471428571429	0.49918300599
gtcgat	4.22	0.0398467283994	0.568181818182	0.495329425402	0.314285714286	0.464230765979
tcgcctt	4.22	0.0398467283994	0.568181818182	0.495329425402	0.314285714286	0.464230765979
ccggagg	4.22	0.0398467283994	0.568181818182	0.495329425402	0.314285714286	0.464230765979
aaacttagc	-4.21	0.0402302755061	0.159090909091	0.365760839533	0.371428571429	0.483186700723
tggtcaa	-4.21	0.0402302755061	0.159090909091	0.365760839533	0.371428571429	0.483186700723
gcttagc	-4.21	0.0402302755061	0.159090909091	0.365760839533	0.371428571429	0.483186700723
gagttcc	4.21	0.0402348261516	0.409090909091	0.491666083018	0.2	0.4
cg	4.21	0.0402348261516	0.409090909091	0.491666083018	0.2	0.4
ttctct	4.21	0.0402348261516	0.409090909091	0.491666083018	0.2	0.4
gcgggac	-4.18	0.0407884435489	0.25	0.433012701892	0.5	0.5
ccccgcaa	-4.17	0.0411426458831	0.0681818181818	0.252057647873	0.228571428571	0.419912527334
gccgcaa	-4.17	0.0411426458831	0.0681818181818	0.252057647873	0.228571428571	0.419912527334
caagtgac	4.16	0.0413608527501	0.159090909091	0.365760839533	0.0428571428571	0.202534955411
cttgcctt	4.16	0.0413608527501	0.159090909091	0.365760839533	0.0428571428571	0.202534955411
attcggtagt	4.16	0.0413608527501	0.159090909091	0.365760839533	0.0428571428571	0.202534955411
gattgac	4.16	0.0413608527501	0.159090909091	0.365760839533	0.0428571428571	0.202534955411
atctgcct	4.16	0.0413608527501	0.159090909091	0.365760839533	0.0428571428571	0.202534955411
gaggtgt	4.16	0.0413608527501	0.159090909091	0.365760839533	0.0428571428571	0.202534955411
gcattgg	4.16	0.0413608527501	0.159090909091	0.365760839533	0.0428571428571	0.202534955411
aggtggtac	4.16	0.0413608527501	0.159090909091	0.365760839533	0.0428571428571	0.202534955411
ttaagttcgg	4.16	0.0413608527501	0.159090909091	0.365760839533	0.0428571428571	0.202534955411
aaccagc	4.16	0.0413608527501	0.159090909091	0.365760839533	0.0428571428571	0.202534955411
cgggcac	4.13	0.0420453769003	0.386363636364	0.486915574673	0.185714285714	0.388875931109
caacgac	4.12	0.0422880887815	0.545454545455	0.497929597732	0.3	0.458257569496
caacacct	-4.11	0.0425212222971	0.113636363636	0.317369091904	0.3	0.458257569496
aaaaaccc	-4.11	0.0425212222971	0.113636363636	0.317369091904	0.3	0.458257569496
gcgcgagt	-4.11	0.0425212222971	0.113636363636	0.317369091904	0.3	0.458257569496
gacatgc	4.11	0.0426199584663	0.659090909091	0.474014854878	0.385714285714	0.486763572497
aagctac	4.11	0.0426199584663	0.659090909091	0.474014854878	0.385714285714	0.486763572497
gattgg	4.11	0.0426199584663	0.659090909091	0.474014854878	0.385714285714	0.486763572497
agacagc	-4.07	0.0435808563926	0.181818181818	0.38569460792	0.4	0.489897948557
tccagaa	-4.07	0.0435808563926	0.181818181818	0.38569460792	0.4	0.489897948557
ttgtatgt	-4.07	0.0435808563926	0.181818181818	0.38569460792	0.4	0.489897948557
aggagg	-4.07	0.0435808563926	0.181818181818	0.38569460792	0.4	0.489897948557
tcgagac	4.06	0.0438112356683	0.363636363636	0.481045692921	0.171428571429	0.376883027379
catgct	-4.06	0.0440102416531	0.295454545455	0.456246815906	0.557142857143	0.496723961449
gcgaatctt	-4.04	0.0444145529829	0.0227272727273	0.149032693734	0.142857142857	0.349927106112
ttggagaa	-4.04	0.0444145529829	0.0227272727273	0.149032693734	0.142857142857	0.349927106112
tctgccc	-4.04	0.0444145529829	0.0227272727273	0.149032693734	0.142857142857	0.349927106112
gatct	-4.04	0.0444145529829	0.0227272727273	0.149032693734	0.142857142857	0.349927106112
gaagctgg	-4.04	0.0444145529829	0.0227272727273	0.149032693734	0.142857142857	0.349927106112
cacctttt	-4.04	0.0444145529829	0.0227272727273	0.149032693734	0.142857142857	0.349927106112
gggatcc	-4.04	0.0444475016774	0.0454545454545	0.208298895225	0.185714285714	0.388875931109
cattgat	-4.04	0.0444475016774	0.0454545454545	0.208298895225	0.185714285714	0.388875931109
gcaaaa	-4.04	0.0444475016774	0.0454545454545	0.208298895225	0.185714285714	0.388875931109
cgggagc	-4.04	0.0444475016774	0.0454545454545	0.208298895225	0.185714285714	0.388875931109
atcggtgac	-4.04	0.0444475016774	0.0454545454545	0.208298895225	0.185714285714	0.388875931109
tgataa	4.02	0.0448649488746	0.522727272727	0.499483203996	0.285714285714	0.451753951453
tcttaagc	4.02	0.0448649488746	0.522727272727	0.499483203996	0.285714285714	0.451753951453
ggcgagt	4.02	0.0448649488746	0.522727272727	0.499483203996	0.285714285714	0.451753951453
gattat	4.02	0.0448649488746	0.522727272727	0.499483203996	0.285714285714	0.451753951453
gaaggtt	4.0	0.045406874147	0.636363636364	0.481045692921	0.371428571429	0.483186700723
acgttt	4.0	0.045406874147	0.636363636364	0.481045692921	0.371428571429	0.483186700723
ttgggg	4.0	0.045406874147	0.636363636364	0.481045692921	0.371428571429	0.483186700723
tcggagac	3.99	0.0457816492078	0.181818181818	0.38569460792	0.0571428571429	0.23211538299
tcggaaacggac	3.99	0.0457816492078	0.181818181818	0.38569460792	0.0571428571429	0.23211538299
cgcctgaa	3.99	0.0457816492078	0.181818181818	0.38569460792	0.0571428571429	0.23211538299
ggcggcc	3.99	0.0457816492078	0.181818181818	0.38569460792	0.0571428571429	0.23211538299
cgtagagat	3.99	0.0457816492078	0.181818181818	0.38569460792	0.0571428571429	0.23211538299
aaatagc	-3.96	0.04649592388	0.204545454545	0.40336907612	0.428571428571	0.494871659305
aatgataa	-3.96	0.04649592388	0.204545454545	0.40336907612	0.428571428571	0.494871659305
ggtagggt	3.94	0.0470162971203	0.318181818182	0.465770489362	0.142857142857	0.349927106112
gtgcatgt	3.94	0.0470162971203	0.318181818182	0.465770489362	0.142857142857	0.349927106112
acctgc	3.94	0.0470162971203	0.318181818182	0.465770489362	0.142857142857	0.349927106112
tgggaa	3.94	0.0470162971203	0.318181818182	0.465770489362	0.142857142857	0.349927106112
gtcctgg	3.92	0.0475805847782	0.5	0.5	0.271428571429	0.444696640465
gccttgt	3.92	0.0475805847782	0.5	0.5	0.271428571429	0.444696640465
tcgtctt	3.92	0.0475805847782	0.5	0.5	0.271428571429	0.444696640465
catctctt	-3.92	0.0476102672482	0.136363636364	0.343174292512	0.328571428571	0.469693777794
tcgtgc	-3.92	0.0476102672482	0.136363636364	0.343174292512	0.328571428571	0.469693777794
tcaacgg	3.9	0.048314959678	0.295454545455	0.456246815906	0.128571428571	0.33472498611
gcgttcgat	3.9	0.048314959678	0.295454545455	0.456246815906	0.128571428571	0.33472498611
tccacgt	3.9	0.048314959678	0.295454545455	0.456246815906	0.128571428571	0.33472498611
gctgagg	3.9	0.048314959678	0.295454545455	0.456246815906	0.128571428571	0.33472498611
catgggg	3.9	0.048314959678	0.295454545455	0.456246815906	0.128571428571	0.33472498611
ctataa	3.9	0.048314959678	0.295454545455	0.456246815906	0.128571428571	0.33472498611
agggaaac	3.9	0.0483314547047	0.204545454545	0.40336907612	0.0714285714286	0.257539376819
ttacgagt	3.9	0.0483314547047	0.204545454545	0.40336907612	0.0714285714286	0.257539376819
gggggaaagg	3.9	0.0483314547047	0.204545454545	0.40336907612	0.0714285714286	0.257539376819
gcgctgc	3.9	0.0483314547047	0.204545454545	0.40336907612	0.0714285714286	0.257539376819
cgtgat	3.9	0.0483802374814	0.613636363636	0.486915574673	0.357142857143	0.47915742375
tgtcgt	3.9	0.0483802374814	0.613636363636	0.486915574673	0.357142857143	0.47915742375
gcctttt	3.9	0.0483802374814	0.613636363636	0.486915574673	0.357142857143	0.47915742375
aaagac	3.9	0.0483802374814	0.613636363636	0.486915574673	0.357142857143	0.47915742375
gatcgg	3.9	0.0483802374814	0.613636363636	0.486915574673	0.357142857143	0.47915742375
caacagg	3.9	0.0483802374814	0.613636363636	0.486915574673	0.357142857143	0.47915742375
gctttt	3.9	0.0483802374814	0.613636363636	0.486915574673	0.357142857143	0.47915742375
gacgaa	3.9	0.0483802374814	0.613636363636	0.486915574673	0.357142857143	0.47915742375
gctgccc	-3.87	0.0490116640504	0.227272727273	0.419070202604	0.457142857143	0.498159879262
gcagctt	-3.87	0.0490116640504	0.227272727273	0.419070202604	0.457142857143	0.498159879262
acactgc	-3.87	0.0491942277303	0.0909090909091	0.287479787288	0.257142857143	0.437058815451
acttgt	-3.87	0.0491942277303	0.0909090909091	0.287479787288	0.257142857143	0.437058815451
gtccggaacc	-3.87	0.0491942277303	0.0909090909091	0.287479787288	0.257142857143	0.437058815451
gcccgggg	3.87	0.0492745850303	0.272727272727	0.445361771415	0.114285714286	0.31815796359
gtccgggg	3.87	0.0492745850303	0.272727272727	0.445361771415	0.114285714286	0.31815796359
tcattagc	3.87	0.0492745850303	0.272727272727	0.445361771415	0.114285714286	0.31815796359
gaagtcgt	3.86	0.0495250279489	0.227272727273	0.419070202604	0.0857142857143	0.27994168489
gaaagtcc	3.86	0.0495250279489	0.227272727273	0.419070202604	0.0857142857143	0.27994168489
tggaaac	3.86	0.0495250279489	0.227272727273	0.419070202604	0.0857142857143	0.27994168489
cgtgctt	3.85	0.0497459907215	0.25	0.433012701892	0.1	0.3
cagtgtct	3.85	0.0497459907215	0.25	0.433012701892	0.1	0.3
taatagt	-3.8	0.0511652054927	0.25	0.433012701892	0.485714285714	0.499795876701
aggggtt	3.79	0.0515524481429	0.590909090909	0.491666083018	0.342857142857	0.474664220738
taagtct	3.79	0.0515524481429	0.590909090909	0.491666083018	0.342857142857	0.474664220738
cgactcgt	3.79	0.0515524481429	0.590909090909	0.491666083018	0.342857142857	0.474664220738
ataccac	-3.78	0.0520125436705	0.159090909091	0.365760839533	0.357142857143	0.47915742375
cgacaagc	-3.77	0.0521350877247	0.0	0.0	0.0857142857143	0.27994168489
ggtctcagt	-3.77	0.0521350877247	0.0	0.0	0.0857142857143	0.27994168489
gaagttct	-3.77	0.0521350877247	0.0	0.0	0.0857142857143	0.27994168489
accaaagc	-3.77	0.0521350877247	0.0	0.0	0.0857142857143	0.27994168489
gcttaaac	-3.77	0.0521350877247	0.0	0.0	0.0857142857143	0.27994168489
gcatatagc	-3.77	0.0521350877247	0.0	0.0	0.0857142857143	0.27994168489
tcgcaagaa	-3.77	0.0521350877247	0.0	0.0	0.0857142857143	0.27994168489
ggggaagat	-3.77	0.0521350877247	0.0	0.0	0.0857142857143	0.27994168489
gggaagaa	-3.77	0.0521350877247	0.0	0.0	0.0857142857143	0.27994168489
ttttgc	-3.77	0.0521350877247	0.0	0.0	0.0857142857143	0.27994168489
gagatcagt	-3.77	0.0521350877247	0.0	0.0	0.0857142857143	0.27994168489
agatagg	-3.77	0.0521350877247	0.0	0.0	0.0857142857143	0.27994168489
cgaataa	-3.74	0.0529924885857	0.272727272727	0.445361771415	0.514285714286	0.499795876701
ggccaatt	3.73	0.0534340731687	0.454545454545	0.497929597732	0.242857142857	0.428809457709
caagagt	-3.7	0.0545271954524	0.295454545455	0.456246815906	0.542857142857	0.498159879262
ccaatgg	-3.7	0.0545271954524	0.295454545455	0.456246815906	0.542857142857	0.498159879262
gaacac	3.68	0.0549365844748	0.568181818182	0.495329425402	0.328571428571	0.469693777794
agan	3.68	0.0549365844748	0.568181818182	0.495329425402	0.328571428571	0.469693777794
acagt	3.68	0.0549365844748	0.568181818182	0.495329425402	0.328571428571	0.469693777794
caaagaa	3.68	0.0549365844748	0.568181818182	0.495329425402	0.328571428571	0.469693777794
ctttcgaa	-3.66	0.0558002878982	0.318181818182	0.465770489362	0.571428571429	0.494871659305
atgtggtt	-3.66	0.0558002878982	0.318181818182	0.465770489362	0.571428571429	0.494871659305
cgaagctgg	-3.65	0.0559818426719	0.0681818181818	0.252057647873	0.214285714286	0.410325903324
cttggcaa	-3.65	0.0559818426719	0.0681818181818	0.252057647873	0.214285714286	0.410325903324
cctgccc	-3.65	0.0559818426719	0.0681818181818	0.252057647873	0.214285714286	0.410325903324
gcataact	-3.65	0.0559818426719	0.0681818181818	0.252057647873	0.214285714286	0.410325903324
taaagac	-3.65	0.0561348329633	0.113636363636	0.317369091904	0.285714285714	0.451753951453
tgcatac	-3.65	0.0561348329633	0.113636363636	0.317369091904	0.285714285714	0.451753951453
aaaaagg	3.64	0.0565693533612	0.431818181818	0.495329425402	0.228571428571	0.419912527334
agggccc	3.64	0.0565693533612	0.431818181818	0.495329425402	0.228571428571	0.419912527334
atcgat	3.63	0.0568398883929	0.659090909091	0.474014854878	0.4	0.489897948557
ctcctgat	-3.63	0.0568398883929	0.340909090909	0.474014854878	0.6	0.489897948557
catgc	-3.63	0.0568398883929	0.340909090909	0.474014854878	0.6	0.489897948557
ctctgg	-3.63	0.0568398883929	0.340909090909	0.474014854878	0.6	0.489897948557
taa	-3.63	0.0568398883929	0.340909090909	0.474014854878	0.6	0.489897948557
ggtcgt	3.63	0.0568398883929	0.659090909091	0.474014854878	0.4	0.489897948557
tgcctt	3.63	0.0568398883929	0.659090909091	0.474014854878	0.4	0.489897948557
gatgaa	-3.63	0.0568398883929	0.340909090909	0.474014854878	0.6	0.489897948557
tggtgg	-3.63	0.0568398883929	0.340909090909	0.474014854878	0.6	0.489897948557
agctgt	-3.63	0.0568398883929	0.340909090909	0.474014854878	0.6	0.489897948557
gtgat	3.63	0.0568398883929	0.659090909091	0.474014854878	0.4	0.489897948557
caccat	-3.63	0.0568398883929	0.340909090909	0.474014854878	0.6	0.489897948557
gcgatac	3.63	0.0568398883929	0.659090909091	0.474014854878	0.4	0.489897948557
cggcc	3.63	0.0568398883929	0.659090909091	0.474014854878	0.4	0.489897948557
acgcgt	-3.63	0.0568398883929	0.340909090909	0.474014854878	0.6	0.489897948557
tcaccc	3.63	0.0568398883929	0.659090909091	0.474014854878	0.4	0.489897948557
ccttagc	-3.63	0.0568398883929	0.340909090909	0.474014854878	0.6	0.489897948557
aggtcc	3.63	0.0568398883929	0.659090909091	0.474014854878	0.4	0.489897948557
taggtaa	3.63	0.0568398883929	0.659090909091	0.474014854878	0.4	0.489897948557
tcccccgg	3.63	0.0568398883929	0.659090909091	0.474014854878	0.4	0.489897948557
gaatt	-3.63	0.0568398883929	0.340909090909	0.474014854878	0.6	0.489897948557
tctcagt	-3.63	0.0568398883929	0.340909090909	0.474014854878	0.6	0.489897948557
gcggcac	-3.63	0.0568398883929	0.340909090909	0.474014854878	0.6	0.489897948557
gccccgg	-3.63	0.0568398883929	0.340909090909	0.474014854878	0.6	0.489897948557
ggt	-3.63	0.0568398883929	0.340909090909	0.474014854878	0.6	0.489897948557
gccctct	3.63	0.0568398883929	0.659090909091	0.474014854878	0.4	0.489897948557
taatcc	3.63	0.0568398883929	0.659090909091	0.474014854878	0.4	0.489897948557
caaac	-3.63	0.0568398883929	0.340909090909	0.474014854878	0.6	0.489897948557
cttgt	-3.63	0.0568398883929	0.340909090909	0.474014854878	0.6	0.489897948557
gtgaa	-3.63	0.0568398883929	0.340909090909	0.474014854878	0.6	0.489897948557
aatgg	-3.63	0.0568398883929	0.340909090909	0.474014854878	0.6	0.489897948557
agctt	-3.63	0.0568398883929	0.340909090909	0.474014854878	0.6	0.489897948557
accat	-3.63	0.0568398883929	0.340909090909	0.474014854878	0.6	0.489897948557
caaacct	-3.63	0.0568398883929	0.340909090909	0.474014854878	0.6	0.489897948557
acttagc	-3.63	0.0568398883929	0.340909090909	0.474014854878	0.6	0.489897948557
attt	3.63	0.0568398883929	0.659090909091	0.474014854878	0.4	0.489897948557
atgc	-3.63	0.0568398883929	0.340909090909	0.474014854878	0.6	0.489897948557
tcagaa	-3.63	0.0568398883929	0.340909090909	0.474014854878	0.6	0.489897948557
agagg	3.63	0.0568398883929	0.659090909091	0.474014854878	0.4	0.489897948557
agac	-3.63	0.0568398883929	0.340909090909	0.474014854878	0.6	0.489897948557
atcgg	3.63	0.0568398883929	0.659090909091	0.474014854878	0.4	0.489897948557
caatct	-3.63	0.0568398883929	0.340909090909	0.474014854878	0.6	0.489897948557
gtgggg	-3.63	0.0568398883929	0.340909090909	0.474014854878	0.6	0.489897948557
cgctttaa	3.62	0.0572048666322	0.0909090909091	0.287479787288	0.0142857142857	0.118666055185
agttggtttt	3.62	0.0572048666322	0.0909090909091	0.287479787288	0.0142857142857	0.118666055185
ttaaataa	3.62	0.0572048666322	0.0909090909091	0.287479787288	0.0142857142857	0.118666055185
cgcttctt	3.62	0.0572048666322	0.0909090909091	0.287479787288	0.0142857142857	0.118666055185
gacgctaa	3.62	0.0572048666322	0.0909090909091	0.287479787288	0.0142857142857	0.118666055185
atttat	3.62	0.0572048666322	0.0909090909091	0.287479787288	0.0142857142857	0.118666055185
caagccgaa	3.62	0.0572048666322	0.0909090909091	0.287479787288	0.0142857142857	0.118666055185
tcaaggat	3.62	0.0572048666322	0.0909090909091	0.287479787288	0.0142857142857	0.118666055185
cggaagac	3.62	0.0572048666322	0.0909090909091	0.287479787288	0.0142857142857	0.118666055185
aacctcgc	3.62	0.0572048666322	0.0909090909091	0.287479787288	0.0142857142857	0.118666055185
acccctgg	3.62	0.0572048666322	0.0909090909091	0.287479787288	0.0142857142857	0.118666055185
ggctagaa	3.62	0.0572048666322	0.0909090909091	0.287479787288	0.0142857142857	0.118666055185
ggtttgc	3.62	0.0572048666322	0.0909090909091	0.287479787288	0.0142857142857	0.118666055185
cggatt	3.62	0.0572048666322	0.0909090909091	0.287479787288	0.0142857142857	0.118666055185
tcgagagt	3.62	0.0572048666322	0.0909090909091	0.287479787288	0.0142857142857	0.118666055185
atggtac	3.62	0.0572048666322	0.0909090909091	0.287479787288	0.0142857142857	0.118666055185
ggtgtagt	3.62	0.0572048666322	0.0909090909091	0.287479787288	0.0142857142857	0.118666055185
gggaaacctt	3.62	0.0572048666322	0.0909090909091	0.287479787288	0.0142857142857	0.118666055185
gaggctt	3.62	0.0572048666322	0.0909090909091	0.287479787288	0.0142857142857	0.118666055185
gctaatct	3.62	0.0572048666322	0.0909090909091	0.287479787288	0.0142857142857	0.118666055185
tccttgaa	3.62	0.0572048666322	0.0909090909091	0.287479787288	0.0142857142857	0.118666055185
agctaatctt	3.62	0.0572048666322	0.0909090909091	0.287479787288	0.0142857142857	0.118666055185
agtaacgaa	3.62	0.0572048666322	0.0909090909091	0.287479787288	0.0142857142857	0.118666055185
ttaacttcgg	3.62	0.0572048666322	0.0909090909091	0.287479787288	0.0142857142857	0.118666055185
ggtgggac	3.62	0.0572048666322	0.0909090909091	0.287479787288	0.0142857142857	0.118666055185
ctgggat	3.62	0.0572048666322	0.0909090909091	0.287479787288	0.0142857142857	0.118666055185
aggtgagg	3.62	0.0572048666322	0.0909090909091	0.287479787288	0.0142857142857	0.118666055185
gctgtgaa	3.62	0.0572048666322	0.0909090909091	0.287479787288	0.0142857142857	0.118666055185
gagcctt	3.62	0.0572048666322	0.0909090909091	0.287479787288	0.0142857142857	0.118666055185
aacggcgc	3.62	0.0572048666322	0.0909090909091	0.287479787288	0.0142857142857	0.118666055185
ttcggtcac	3.62	0.0572048666322	0.0909090909091	0.287479787288	0.0142857142857	0.118666055185
attgaa	-3.57	0.0589889727906	0.204545454545	0.40336907612	0.414285714286	0.492598275702
ggcctgt	-3.57	0.0589889727906	0.204545454545	0.40336907612	0.414285714286	0.492598275702
cggccttagc	-3.57	0.0589889727906	0.204545454545	0.40336907612	0.414285714286	0.492598275702
tgtcac	3.54	0.0598364256766	0.409090909091	0.491666083018	0.214285714286	0.410325903324
caaaaagt	3.54	0.0598364256766	0.409090909091	0.491666083018	0.214285714286	0.410325903324
ccggaaagg	3.54	0.0598364256766	0.409090909091	0.491666083018	0.214285714286	0.410325903324
cagagat	3.54	0.0598364256766	0.409090909091	0.491666083018	0.214285714286	0.410325903324
tccgac	3.52	0.0606981361987	0.636363636364	0.481045692921	0.385714285714	0.486763572497
tttct	3.52	0.0606981361987	0.636363636364	0.481045692921	0.385714285714	0.486763572497
aagctgg	3.52	0.0606981361987	0.636363636364	0.481045692921	0.385714285714	0.486763572497
acttcc	3.52	0.0606981361987	0.636363636364	0.481045692921	0.385714285714	0.486763572497
tattagt	3.52	0.0606981361987	0.636363636364	0.481045692921	0.385714285714	0.486763572497
cgaaagc	3.52	0.0606981361987	0.636363636364	0.481045692921	0.385714285714	0.486763572497
cctgaa	3.52	0.0606981361987	0.636363636364	0.481045692921	0.385714285714	0.486763572497
acggtt	3.52	0.0606981361987	0.636363636364	0.481045692921	0.385714285714	0.486763572497
attatct	-3.49	0.0616878025433	0.227272727273	0.419070202604	0.442857142857	0.496723961449
gctatct	-3.49	0.0616878025433	0.227272727273	0.419070202604	0.442857142857	0.496723961449
cgcactt	-3.49	0.0616928610873	0.0454545454545	0.208298895225	0.171428571429	0.376883027379
gacgccgc	-3.49	0.0616928610873	0.0454545454545	0.208298895225	0.171428571429	0.376883027379
gaaagctt	-3.48	0.0620326222945	0.136363636364	0.343174292512	0.314285714286	0.464230765979
tactgaa	-3.48	0.0620326222945	0.136363636364	0.343174292512	0.314285714286	0.464230765979
cacagc	3.47	0.062396161208	0.522727272727	0.499483203996	0.3	0.458257569496
acgtagg	3.47	0.062396161208	0.522727272727	0.499483203996	0.3	0.458257569496
tctgagg	-3.45	0.063231893332	0.0227272727273	0.149032693734	0.128571428571	0.33472498611
ccttttct	-3.45	0.063231893332	0.0227272727273	0.149032693734	0.128571428571	0.33472498611
aatgctgt	-3.45	0.063231893332	0.0227272727273	0.149032693734	0.128571428571	0.33472498611
agtctgt	-3.45	0.063231893332	0.0227272727273	0.149032693734	0.128571428571	0.33472498611
gcttgaa	-3.45	0.063231893332	0.0227272727273	0.149032693734	0.128571428571	0.33472498611
tgtgtgt	-3.45	0.063231893332	0.0227272727273	0.149032693734	0.128571428571	0.33472498611
aaccgcat	-3.45	0.063231893332	0.0227272727273	0.149032693734	0.128571428571	0.33472498611
catgcac	-3.45	0.063231893332	0.0227272727273	0.149032693734	0.128571428571	0.33472498611
caaatcc	-3.43	0.0639390893075	0.25	0.433012701892	0.471428571429	0.49918300599
agttct	-3.43	0.0639390893075	0.25	0.433012701892	0.471428571429	0.49918300599
tcaaatcc	-3.43	0.0639390893075	0.25	0.433012701892	0.471428571429	0.49918300599
cgccat	3.41	0.0648343057952	0.613636363636	0.486915574673	0.371428571429	0.483186700723
ttgtcc	3.41	0.0648343057952	0.613636363636	0.486915574673	0.371428571429	0.483186700723
gtctgttgt	3.41	0.0648343057952	0.613636363636	0.486915574673	0.371428571429	0.483186700723
gattac	3.41	0.0648343057952	0.613636363636	0.486915574673	0.371428571429	0.483186700723
cagctgt	-3.39	0.0657414786897	0.0909090909091	0.287479787288	0.242857142857	0.428809457709
taactgg	-3.39	0.0657414786897	0.0909090909091	0.287479787288	0.242857142857	0.428809457709
gactgccc	-3.38	0.0657956529079	0.272727272727	0.445361771415	0.5	0.5
cctgttaa	-3.38	0.0657956529079	0.272727272727	0.445361771415	0.5	0.5
gtcgagt	3.37	0.0665007666246	0.5	0.5	0.285714285714	0.451753951453
cctaaac	3.37	0.0665007666246	0.5	0.5	0.285714285714	0.451753951453
gtcctcat	3.37	0.0665007666246	0.5	0.5	0.285714285714	0.451753951453
cgctcac	3.37	0.0665007666246	0.5	0.5	0.285714285714	0.451753951453
ccgcct	3.36	0.0667123881272	0.363636363636	0.481045692921	0.185714285714	0.388875931109
aggcctt	3.36	0.0667123881272	0.363636363636	0.481045692921	0.185714285714	0.388875931109
atgtc	3.36	0.0667123881272	0.363636363636	0.481045692921	0.185714285714	0.388875931109
gccttgc	3.36	0.0667123881272	0.363636363636	0.481045692921	0.185714285714	0.388875931109
tttcaa	3.36	0.0667123881272	0.363636363636	0.481045692921	0.185714285714	0.388875931109
cttcgagg	3.36	0.0667123881272	0.363636363636	0.481045692921	0.185714285714	0.388875931109
ttgtaa	-3.36	0.0669924315091	0.159090909091	0.365760839533	0.342857142857	0.474664220738
attaatt	-3.36	0.0669924315091	0.159090909091	0.365760839533	0.342857142857	0.474664220738
aagtagc	-3.36	0.0669924315091	0.159090909091	0.365760839533	0.342857142857	0.474664220738
aaggcac	-3.35	0.0673047732712	0.295454545455	0.456246815906	0.528571428571	0.49918300599
aactgaa	-3.35	0.0673047732712	0.295454545455	0.456246815906	0.528571428571	0.49918300599
ggactt	-3.35	0.0673047732712	0.295454545455	0.456246815906	0.528571428571	0.49918300599
catcgat	-3.35	0.0673047732712	0.295454545455	0.456246815906	0.528571428571	0.49918300599
gtcatcgg	-3.32	0.0685083745786	0.318181818182	0.465770489362	0.557142857143	0.496723961449
gcagac	3.3	0.0692702178979	0.590909090909	0.491666083018	0.357142857143	0.47915742375
ggn	3.3	0.0692702178979	0.590909090909	0.491666083018	0.357142857143	0.47915742375
ttaccagt	3.3	0.0692702178979	0.590909090909	0.491666083018	0.357142857143	0.47915742375
gattgat	3.3	0.0692702178979	0.590909090909	0.491666083018	0.357142857143	0.47915742375
aatagc	-3.3	0.069443434146	0.340909090909	0.474014854878	0.585714285714	0.492598275702
catctcc	-3.3	0.069443434146	0.340909090909	0.474014854878	0.585714285714	0.492598275702
aacttagc	-3.3	0.069443434146	0.340909090909	0.474014854878	0.585714285714	0.492598275702
taagaa	-3.3	0.069443434146	0.340909090909	0.474014854878	0.585714285714	0.492598275702
cggtat	-3.3	0.069443434146	0.340909090909	0.474014854878	0.585714285714	0.492598275702
agtctt	-3.3	0.069443434146	0.340909090909	0.474014854878	0.585714285714	0.492598275702
attctt	-3.3	0.069443434146	0.340909090909	0.474014854878	0.585714285714	0.492598275702
tgttat	-3.3	0.069443434146	0.340909090909	0.474014854878	0.585714285714	0.492598275702
cactaa	-3.3	0.069443434146	0.340909090909	0.474014854878	0.585714285714	0.492598275702
aagtgat	3.28	0.0702733702673	0.340909090909	0.474014854878	0.171428571429	0.376883027379
tgggat	3.28	0.0702733702673	0.340909090909	0.474014854878	0.171428571429	0.376883027379
aggattcc	3.28	0.0702733702673	0.340909090909	0.474014854878	0.171428571429	0.376883027379
caagattt	3.28	0.0702733702673	0.340909090909	0.474014854878	0.171428571429	0.376883027379
gtcactgg	3.28	0.0702733702673	0.340909090909	0.474014854878	0.171428571429	0.376883027379
actgtcc	3.28	0.0702733702673	0.340909090909	0.474014854878	0.171428571429	0.376883027379
gtttaaagg	3.28	0.0702733702673	0.340909090909	0.474014854878	0.171428571429	0.376883027379
gggcctt	3.26	0.0708753734886	0.477272727273	0.499483203996	0.271428571429	0.444696640465
aacgttt	3.26	0.0708753734886	0.477272727273	0.499483203996	0.271428571429	0.444696640465
agtctttt	3.26	0.0708753734886	0.477272727273	0.499483203996	0.271428571429	0.444696640465
ttatgc	-3.26	0.0711261864182	0.181818181818	0.38569460792	0.371428571429	0.483186700723
caatgac	-3.26	0.0711261864182	0.181818181818	0.38569460792	0.371428571429	0.483186700723
ccttaa	-3.26	0.0711261864182	0.181818181818	0.38569460792	0.371428571429	0.483186700723
agaagagc	-3.26	0.0711261864182	0.181818181818	0.38569460792	0.371428571429	0.483186700723
tcatcgg	-3.2	0.0738505712555	0.113636363636	0.317369091904	0.271428571429	0.444696640465
gtcacac	-3.2	0.0738505712555	0.113636363636	0.317369091904	0.271428571429	0.444696640465
aattgc	-3.2	0.0738505712555	0.113636363636	0.317369091904	0.271428571429	0.444696640465
tcttttaa	3.2	0.0738631835304	0.318181818182	0.465770489362	0.157142857143	0.363935405796
gagggggac	3.2	0.0738631835304	0.318181818182	0.465770489362	0.157142857143	0.363935405796
gtcacgc	3.19	0.0740296159902	0.568181818182	0.495329425402	0.342857142857	0.474664220738
ccggctt	3.19	0.0740296159902	0.568181818182	0.495329425402	0.342857142857	0.474664220738
gcctgt	3.19	0.0740296159902	0.568181818182	0.495329425402	0.342857142857	0.474664220738
taaggcc	3.19	0.0740296159902	0.568181818182	0.495329425402	0.342857142857	0.474664220738
gtgaagc	3.18	0.0743689000995	0.113636363636	0.317369091904	0.0285714285714	0.166598625567
tgtggtaa	3.18	0.0743689000995	0.113636363636	0.317369091904	0.0285714285714	0.166598625567
agcaat	3.18	0.0743689000995	0.113636363636	0.317369091904	0.0285714285714	0.166598625567
cagccaa	3.18	0.0743689000995	0.113636363636	0.317369091904	0.0285714285714	0.166598625567
gtggtagg	3.18	0.0743689000995	0.113636363636	0.317369091904	0.0285714285714	0.166598625567
cctaacac	3.18	0.0743689000995	0.113636363636	0.317369091904	0.0285714285714	0.166598625567
agacttcgg	3.18	0.0743689000995	0.113636363636	0.317369091904	0.0285714285714	0.166598625567
gcttttgt	3.18	0.0743689000995	0.113636363636	0.317369091904	0.0285714285714	0.166598625567
cggcccgc	3.18	0.0743689000995	0.113636363636	0.317369091904	0.0285714285714	0.166598625567
ctcagagg	3.18	0.0743689000995	0.113636363636	0.317369091904	0.0285714285714	0.166598625567
ggtattcgt	3.18	0.0743689000995	0.113636363636	0.317369091904	0.0285714285714	0.166598625567
ccgtgtgc	3.18	0.0743689000995	0.113636363636	0.317369091904	0.0285714285714	0.166598625567
tactagaa	3.18	0.0743689000995	0.113636363636	0.317369091904	0.0285714285714	0.166598625567
caagtcaa	3.18	0.0743689000995	0.113636363636	0.317369091904	0.0285714285714	0.166598625567
ctgtaaac	3.18	0.0743689000995	0.113636363636	0.317369091904	0.0285714285714	0.166598625567
gcttttct	3.18	0.0743689000995	0.113636363636	0.317369091904	0.0285714285714	0.166598625567
caggaacac	3.18	0.0743689000995	0.113636363636	0.317369091904	0.0285714285714	0.166598625567
atggagc	3.18	0.0743689000995	0.113636363636	0.317369091904	0.0285714285714	0.166598625567
cgagcgat	3.18	0.0743689000995	0.113636363636	0.317369091904	0.0285714285714	0.166598625567
gtggtgc	3.18	0.0743689000995	0.113636363636	0.317369091904	0.0285714285714	0.166598625567
tggttgt	3.18	0.0743689000995	0.113636363636	0.317369091904	0.0285714285714	0.166598625567
gtcttgac	3.18	0.0743689000995	0.113636363636	0.317369091904	0.0285714285714	0.166598625567
gtgagccac	3.18	0.0744618314174	0.0454545454545	0.208298895225	0.0	0.0
gctagagat	3.18	0.0744618314174	0.0454545454545	0.208298895225	0.0	0.0
ctggcctt	3.18	0.0744618314174	0.0454545454545	0.208298895225	0.0	0.0
aaagggtcgc	3.18	0.0744618314174	0.0454545454545	0.208298895225	0.0	0.0
caaggcgacgac	3.18	0.0744618314174	0.0454545454545	0.208298895225	0.0	0.0
gatccat	3.18	0.0744618314174	0.0454545454545	0.208298895225	0.0	0.0
gggggagc	3.18	0.0744618314174	0.0454545454545	0.208298895225	0.0	0.0
acgccctaa	3.18	0.0744618314174	0.0454545454545	0.208298895225	0.0	0.0
aggtgtagc	3.18	0.0744618314174	0.0454545454545	0.208298895225	0.0	0.0
ttgccagc	3.18	0.0744618314174	0.0454545454545	0.208298895225	0.0	0.0
atgttcgg	3.18	0.0744618314174	0.0454545454545	0.208298895225	0.0	0.0
tgttttac	3.18	0.0744618314174	0.0454545454545	0.208298895225	0.0	0.0
agttgttgg	3.18	0.0744618314174	0.0454545454545	0.208298895225	0.0	0.0
ggtctcgc	3.18	0.0744618314174	0.0454545454545	0.208298895225	0.0	0.0
gacgaataa	3.18	0.0744618314174	0.0454545454545	0.208298895225	0.0	0.0
gtctactagc	3.18	0.0744618314174	0.0454545454545	0.208298895225	0.0	0.0
gcg	3.18	0.0744618314174	0.0454545454545	0.208298895225	0.0	0.0
agtaatgc	3.18	0.0744618314174	0.0454545454545	0.208298895225	0.0	0.0
gggctcaacc	3.18	0.0744618314174	0.0454545454545	0.208298895225	0.0	0.0
tggggact	3.18	0.0744618314174	0.0454545454545	0.208298895225	0.0	0.0
ggatttcgg	3.18	0.0744618314174	0.0454545454545	0.208298895225	0.0	0.0
ataacagg	3.18	0.0744618314174	0.0454545454545	0.208298895225	0.0	0.0
ccttggaact	3.18	0.0744618314174	0.0454545454545	0.208298895225	0.0	0.0
ggaatttcc	3.18	0.0744618314174	0.0454545454545	0.208298895225	0.0	0.0
gaagcagt	3.18	0.0744618314174	0.0454545454545	0.208298895225	0.0	0.0
gaagaacac	3.18	0.0744618314174	0.0454545454545	0.208298895225	0.0	0.0
ggctaaat	3.18	0.0744618314174	0.0454545454545	0.208298895225	0.0	0.0
cggccgcct	3.18	0.0744618314174	0.0454545454545	0.208298895225	0.0	0.0
gaaaaaccttac	3.18	0.0744618314174	0.0454545454545	0.208298895225	0.0	0.0
gagaccgccgg	3.18	0.0744618314174	0.0454545454545	0.208298895225	0.0	0.0
gggaaacct	3.18	0.0744618314174	0.0454545454545	0.208298895225	0.0	0.0
caagtctgc	3.18	0.0744618314174	0.0454545454545	0.208298895225	0.0	0.0
gttacaagt	3.18	0.0744618314174	0.0454545454545	0.208298895225	0.0	0.0
cgaaaggcgaa	3.18	0.0744618314174	0.0454545454545	0.208298895225	0.0	0.0
gggaaacctac	3.18	0.0744618314174	0.0454545454545	0.208298895225	0.0	0.0
ggacctcac	3.18	0.0744618314174	0.0454545454545	0.208298895225	0.0	0.0
atgtttaa	3.18	0.0744618314174	0.0454545454545	0.208298895225	0.0	0.0
cacccgagt	3.18	0.0744618314174	0.0454545454545	0.208298895225	0.0	0.0
ttgagac	3.18	0.0744618314174	0.0454545454545	0.208298895225	0.0	0.0
gtcttgcac	3.18	0.0744618314174	0.0454545454545	0.208298895225	0.0	0.0
gtgagagt	3.18	0.0744618314174	0.0454545454545	0.208298895225	0.0	0.0
ggaggaaagc	3.18	0.0744618314174	0.0454545454545	0.208298895225	0.0	0.0
cgcgaaagg	3.18	0.0744618314174	0.0454545454545	0.208298895225	0.0	0.0
tggatgt	3.18	0.0744618314174	0.0454545454545	0.208298895225	0.0	0.0
gccaagac	3.18	0.0744618314174	0.0454545454545	0.208298895225	0.0	0.0
cgcctgg	3.18	0.0744618314174	0.0454545454545	0.208298895225	0.0	0.0
ggacctat	3.18	0.0744618314174	0.0454545454545	0.208298895225	0.0	0.0
cagtccggat	3.18	0.0744618314174	0.0454545454545	0.208298895225	0.0	0.0
tggatgg	3.18	0.0744618314174	0.0454545454545	0.208298895225	0.0	0.0
aaccgggacgaa	3.18	0.0744618314174	0.0454545454545	0.208298895225	0.0	0.0
gcatgctt	3.18	0.0744618314174	0.0454545454545	0.208298895225	0.0	0.0
cgaaaggcgg	3.18	0.0744618314174	0.0454545454545	0.208298895225	0.0	0.0
gggtgagg	3.18	0.0744618314174	0.0454545454545	0.208298895225	0.0	0.0
catatgat	3.18	0.0744618314174	0.0454545454545	0.208298895225	0.0	0.0
gtcaggagt	3.18	0.0744618314174	0.0454545454545	0.208298895225	0.0	0.0
agagggt	3.18	0.0744618314174	0.0454545454545	0.208298895225	0.0	0.0
aaagggagg	3.18	0.0744618314174	0.0454545454545	0.208298895225	0.0	0.0
ttcccttcgg	3.18	0.0744618314174	0.0454545454545	0.208298895225	0.0	0.0
ggcgaaagc	3.18	0.0744618314174	0.0454545454545	0.208298895225	0.0	0.0
gaggtgac	3.18	0.0744618314174	0.0454545454545	0.208298895225	0.0	0.0
ggataactt	3.18	0.0744618314174	0.0454545454545	0.208298895225	0.0	0.0
cgctgagg	3.18	0.0744618314174	0.0454545454545	0.208298895225	0.0	0.0
acctgcct	3.18	0.0744618314174	0.0454545454545	0.208298895225	0.0	0.0
acccgaagc	3.18	0.0744618314174	0.0454545454545	0.208298895225	0.0	0.0
gaacctat	3.18	0.0744618314174	0.0454545454545	0.208298895225	0.0	0.0
aatccgagt	3.18	0.0744618314174	0.0454545454545	0.208298895225	0.0	0.0
gagattgt	3.18	0.0744618314174	0.0454545454545	0.208298895225	0.0	0.0
gagcggcc	3.18	0.0744618314174	0.0454545454545	0.208298895225	0.0	0.0
cggatgaa	3.18	0.0744618314174	0.0454545454545	0.208298895225	0.0	0.0
gagcttac	3.18	0.0744618314174	0.0454545454545	0.208298895225	0.0	0.0
gtgcgat	3.18	0.0744618314174	0.0454545454545	0.208298895225	0.0	0.0
gggtttcctt	3.18	0.0744618314174	0.0454545454545	0.208298895225	0.0	0.0
gtcgtgcgt	3.18	0.0744618314174	0.0454545454545	0.208298895225	0.0	0.0
gggcaacc	3.18	0.0744618314174	0.0454545454545	0.208298895225	0.0	0.0
agagatagt	3.18	0.0744618314174	0.0454545454545	0.208298895225	0.0	0.0
tcagattgc	3.18	0.0744618314174	0.0454545454545	0.208298895225	0.0	0.0
ctccagaa	3.18	0.0744618314174	0.0454545454545	0.208298895225	0.0	0.0
tgtgccgc	3.18	0.0744618314174	0.0454545454545	0.208298895225	0.0	0.0
tgaagtct	3.18	0.0744618314174	0.0454545454545	0.208298895225	0.0	0.0
gtccgctgt	3.18	0.0744618314174	0.0454545454545	0.208298895225	0.0	0.0
tcagggat	3.18	0.0744618314174	0.0454545454545	0.208298895225	0.0	0.0
gtctgtcgg	3.18	0.0744618314174	0.0454545454545	0.208298895225	0.0	0.0
cttgacatgt	3.18	0.0744618314174	0.0454545454545	0.208298895225	0.0	0.0
cttgctgg	3.18	0.0744618314174	0.0454545454545	0.208298895225	0.0	0.0
tctaggttcc	3.18	0.0744618314174	0.0454545454545	0.208298895225	0.0	0.0
cggctgac	3.18	0.0744618314174	0.0454545454545	0.208298895225	0.0	0.0
cgccgaaagg	3.18	0.0744618314174	0.0454545454545	0.208298895225	0.0	0.0
gcctaaggt	3.18	0.0744618314174	0.0454545454545	0.208298895225	0.0	0.0
gatctcgc	3.18	0.0744618314174	0.0454545454545	0.208298895225	0.0	0.0
ctctttcagc	3.18	0.0744618314174	0.0454545454545	0.208298895225	0.0	0.0
gtggtagc	3.18	0.0744618314174	0.0454545454545	0.208298895225	0.0	0.0
gacggtgagg	3.18	0.0744618314174	0.0454545454545	0.208298895225	0.0	0.0
tgaaaacc	3.18	0.0744618314174	0.0454545454545	0.208298895225	0.0	0.0
cctttcgagg	3.18	0.0744618314174	0.0454545454545	0.208298895225	0.0	0.0
cgcctaaggt	3.18	0.0744618314174	0.0454545454545	0.208298895225	0.0	0.0
tgtgcct	3.18	0.0744618314174	0.0454545454545	0.208298895225	0.0	0.0
cctccgggat	3.18	0.0744618314174	0.0454545454545	0.208298895225	0.0	0.0
aatctacctt	3.18	0.0744618314174	0.0454545454545	0.208298895225	0.0	0.0
gagttagc	3.18	0.0744618314174	0.0454545454545	0.208298895225	0.0	0.0
agcttaact	3.18	0.0744618314174	0.0454545454545	0.208298895225	0.0	0.0
agaggaaagc	3.18	0.0744618314174	0.0454545454545	0.208298895225	0.0	0.0
tgacgctt	3.18	0.0744618314174	0.0454545454545	0.208298895225	0.0	0.0
aataccccat	3.18	0.0744618314174	0.0454545454545	0.208298895225	0.0	0.0
cgacctgccc	3.18	0.0744618314174	0.0454545454545	0.208298895225	0.0	0.0
ctggaccc	3.18	0.0744618314174	0.0454545454545	0.208298895225	0.0	0.0
ggcctgat	3.18	0.0744618314174	0.0454545454545	0.208298895225	0.0	0.0
cagcccgc	3.18	0.0744618314174	0.0454545454545	0.208298895225	0.0	0.0
acagagac	3.18	0.0744618314174	0.0454545454545	0.208298895225	0.0	0.0
aagaatac	3.18	0.0744618314174	0.0454545454545	0.208298895225	0.0	0.0
gtggcat	3.18	0.0744618314174	0.0454545454545	0.208298895225	0.0	0.0
aacgggat	3.18	0.0744618314174	0.0454545454545	0.208298895225	0.0	0.0
caacgccgg	3.18	0.0744618314174	0.0454545454545	0.208298895225	0.0	0.0
gagtgat	3.18	0.0744618314174	0.0454545454545	0.208298895225	0.0	0.0
tcagtgac	3.18	0.0744618314174	0.0454545454545	0.208298895225	0.0	0.0
atatcagaa	3.18	0.0744618314174	0.0454545454545	0.208298895225	0.0	0.0
aaaagtcgg	3.18	0.0744618314174	0.0454545454545	0.208298895225	0.0	0.0
attggagt	3.18	0.0744618314174	0.0454545454545	0.208298895225	0.0	0.0
gttaaatctt	3.18	0.0744618314174	0.0454545454545	0.208298895225	0.0	0.0
atgtaaat	3.18	0.0744618314174	0.0454545454545	0.208298895225	0.0	0.0
aaagaacac	3.18	0.0744618314174	0.0454545454545	0.208298895225	0.0	0.0
cctgcat	3.18	0.0744618314174	0.0454545454545	0.208298895225	0.0	0.0
cgggagac	3.18	0.0744618314174	0.0454545454545	0.208298895225	0.0	0.0
gatccgg	3.18	0.0744618314174	0.0454545454545	0.208298895225	0.0	0.0
tgggacgaa	3.18	0.0744618314174	0.0454545454545	0.208298895225	0.0	0.0
gctgtgccgt	3.18	0.0744618314174	0.0454545454545	0.208298895225	0.0	0.0
gaagtagagg	3.18	0.0744618314174	0.0454545454545	0.208298895225	0.0	0.0
aatggcgc	3.18	0.0744618314174	0.0454545454545	0.208298895225	0.0	0.0
gtcggtagc	3.18	0.0744618314174	0.0454545454545	0.208298895225	0.0	0.0
cgtaaacgttgg	3.18	0.0744618314174	0.0454545454545	0.208298895225	0.0	0.0
gaataatct	3.18	0.0744618314174	0.0454545454545	0.208298895225	0.0	0.0
aaactat	-3.18	0.074540246289	0.204545454545	0.40336907612	0.4	0.489897948557
cttagac	-3.18	0.074540246289	0.204545454545	0.40336907612	0.4	0.489897948557
tcattt	3.16	0.0755352599467	0.454545454545	0.497929597732	0.257142857143	0.437058815451
gatagt	3.16	0.0755352599467	0.454545454545	0.497929597732	0.257142857143	0.437058815451
tctcccgg	3.16	0.0755352599467	0.454545454545	0.497929597732	0.257142857143	0.437058815451
tgacatcc	-3.15	0.0760141065194	0.0681818181818	0.252057647873	0.2	0.4
gacgtaacc	-3.15	0.0760141065194	0.0681818181818	0.252057647873	0.2	0.4
