feature	score	p-value	mean+-pos	mean+-neg
tcgcgagg	22.81	1.78615379779e-06	0.659090909091	0.474014854878	0.128571428571	0.33472498611
gtcttct	21.79	3.04184907955e-06	0.840909090909	0.365760839533	0.228571428571	0.419912527334
cgcaaggtt	21.63	3.31089721703e-06	0.727272727273	0.445361771415	0.171428571429	0.376883027379
gtcggtgg	20.58	5.72228946052e-06	0.590909090909	0.491666083018	0.114285714286	0.31815796359
ctagagat	19.6	9.53474344516e-06	0.772727272727	0.419070202604	0.214285714286	0.410325903324
gtcattgg	18.09	2.11044246491e-05	0.795454545455	0.40336907612	0.242857142857	0.428809457709
ccccaagt	17.25	3.28544580462e-05	0.727272727273	0.445361771415	0.214285714286	0.410325903324
cttcgcaa	16.64	4.50766679447e-05	0.636363636364	0.481045692921	0.171428571429	0.376883027379
aatatcgt	15.96	6.47483910068e-05	0.727272727273	0.445361771415	0.228571428571	0.419912527334
gccttcgat	15.66	7.593831042e-05	0.477272727273	0.499483203996	0.1	0.3
gtgtgggc	14.95	0.000110205885946	0.522727272727	0.499483203996	0.128571428571	0.33472498611
gctttcgg	14.76	0.000122236242385	0.431818181818	0.495329425402	0.0857142857143	0.27994168489
atgtcgc	14.76	0.000122236242385	0.431818181818	0.495329425402	0.0857142857143	0.27994168489
ccgaagt	14.68	0.000127190721923	0.545454545455	0.497929597732	0.142857142857	0.349927106112
attgagt	13.11	0.000292994483232	0.272727272727	0.445361771415	0.0285714285714	0.166598625567
ggtcttgc	13.11	0.000292994483232	0.272727272727	0.445361771415	0.0285714285714	0.166598625567
ccagagat	13.04	0.000304418934927	0.431818181818	0.495329425402	0.1	0.3
aatctctt	12.85	0.000336939828235	0.613636363636	0.486915574673	0.2	0.4
cgattaa	12.85	0.000336939828235	0.613636363636	0.486915574673	0.2	0.4
tcaagtgat	12.7	0.000365309446177	0.227272727273	0.419070202604	0.0142857142857	0.118666055185
ctagagg	12.63	0.000380187500699	0.681818181818	0.465770489362	0.242857142857	0.428809457709
ctctaaaa	12.48	0.000410560819508	0.477272727273	0.499483203996	0.128571428571	0.33472498611
cctagagat	12.1	0.000503028647941	0.386363636364	0.486915574673	0.0857142857143	0.27994168489
ggtcttagt	12.1	0.000503028647941	0.386363636364	0.486915574673	0.0857142857143	0.27994168489
ttttgcaa	11.77	0.000601870990692	0.409090909091	0.491666083018	0.1	0.3
tgatcgc	11.77	0.000603106831222	0.590909090909	0.491666083018	0.2	0.4
gcgccgg	11.6	0.00066025549909	0.818181818182	0.38569460792	0.342857142857	0.474664220738
gttttct	11.29	0.00078117081216	0.454545454545	0.497929597732	0.128571428571	0.33472498611
ccccgcac	10.97	0.00092527403712	0.5	0.5	0.157142857143	0.363935405796
cttagagac	10.85	0.000988026860353	0.272727272727	0.445361771415	0.0428571428571	0.202534955411
ctaagagat	10.85	0.000988026860353	0.272727272727	0.445361771415	0.0428571428571	0.202534955411
cccctcgg	10.62	0.00111833048235	0.613636363636	0.486915574673	0.228571428571	0.419912527334
tttcgat	10.3	0.00133354689791	0.409090909091	0.491666083018	0.114285714286	0.31815796359
taagtggtgg	10.13	0.00145577650719	0.227272727273	0.419070202604	0.0285714285714	0.166598625567
gagccaatcc	9.87	0.00167983650682	0.318181818182	0.465770489362	0.0714285714286	0.257539376819
cgcatcagc	9.78	0.00176436440772	0.5	0.5	0.171428571429	0.376883027379
caagcct	9.77	0.00177564677568	0.75	0.433012701892	0.328571428571	0.469693777794
ggaagcaa	9.67	0.00187023479169	0.545454545455	0.497929597732	0.2	0.4
agatatcat	9.66	0.00187818400098	0.681818181818	0.465770489362	0.285714285714	0.451753951453
aagcagg	9.64	0.00190005344361	0.568181818182	0.495329425402	0.214285714286	0.410325903324
aaggggac	9.61	0.00194027692341	0.181818181818	0.38569460792	0.0142857142857	0.118666055185
ctggagac	9.55	0.0019977770835	0.340909090909	0.474014854878	0.0857142857143	0.27994168489
gcctggt	9.55	0.00200445181287	0.136363636364	0.343174292512	0.0	0.0
catgggat	9.55	0.00200445181287	0.136363636364	0.343174292512	0.0	0.0
gtggtgg	9.31	0.00228216447965	0.363636363636	0.481045692921	0.1	0.3
gtctaaagg	-8.95	0.00277493257693	0.204545454545	0.40336907612	0.585714285714	0.492598275702
gatgggg	8.95	0.00277963181819	0.272727272727	0.445361771415	0.0571428571429	0.23211538299
gaatagt	8.95	0.00277963181819	0.272727272727	0.445361771415	0.0571428571429	0.23211538299
gatggac	8.87	0.00290194694182	0.431818181818	0.495329425402	0.142857142857	0.349927106112
attagat	8.85	0.00292961039967	0.704545454545	0.456246815906	0.314285714286	0.464230765979
tcgctaa	8.85	0.00292961039967	0.704545454545	0.456246815906	0.314285714286	0.464230765979
atcgcat	8.68	0.00322248181602	0.590909090909	0.491666083018	0.242857142857	0.428809457709
atgttctt	8.67	0.00323363373357	0.204545454545	0.40336907612	0.0285714285714	0.166598625567
ttgcattt	8.67	0.00323363373357	0.204545454545	0.40336907612	0.0285714285714	0.166598625567
gctttct	8.67	0.00323486830185	0.522727272727	0.499483203996	0.2	0.4
cgagctaa	8.66	0.00325032424603	0.545454545455	0.497929597732	0.214285714286	0.410325903324
ctagagac	8.66	0.00325032424603	0.545454545455	0.497929597732	0.214285714286	0.410325903324
gattcgt	8.66	0.00325032424603	0.545454545455	0.497929597732	0.214285714286	0.410325903324
gccttgat	-8.61	0.0033496657367	0.0681818181818	0.252057647873	0.342857142857	0.474664220738
tgggtgt	8.59	0.00338448200359	0.295454545455	0.456246815906	0.0714285714286	0.257539376819
gccgccc	8.59	0.00338448200359	0.295454545455	0.456246815906	0.0714285714286	0.257539376819
tcctttcgg	-8.3	0.00396801718099	0.272727272727	0.445361771415	0.671428571429	0.469693777794
cctcagg	8.13	0.00436540088158	0.340909090909	0.474014854878	0.1	0.3
aagtccgttgg	8.07	0.00449324064937	0.159090909091	0.365760839533	0.0142857142857	0.118666055185
actagagat	8.07	0.00449324064937	0.159090909091	0.365760839533	0.0142857142857	0.118666055185
agagatatac	8.07	0.00449324064937	0.159090909091	0.365760839533	0.0142857142857	0.118666055185
cgtaaggtgg	8.07	0.00449324064937	0.159090909091	0.365760839533	0.0142857142857	0.118666055185
ccacaagaa	8.07	0.00449324064937	0.159090909091	0.365760839533	0.0142857142857	0.118666055185
cccgcaa	8.07	0.00449324064937	0.159090909091	0.365760839533	0.0142857142857	0.118666055185
cataaagg	7.98	0.00473173043593	0.363636363636	0.481045692921	0.114285714286	0.31815796359
gactgggacgaa	7.95	0.00479667541887	0.113636363636	0.317369091904	0.0	0.0
tagatgctt	7.95	0.00479667541887	0.113636363636	0.317369091904	0.0	0.0
acagagc	7.95	0.00479667541887	0.113636363636	0.317369091904	0.0	0.0
actgataa	7.95	0.00479667541887	0.113636363636	0.317369091904	0.0	0.0
atgaatt	7.9	0.00493438354999	0.863636363636	0.343174292512	0.442857142857	0.496723961449
ggattagt	7.87	0.00501900645108	0.386363636364	0.486915574673	0.128571428571	0.33472498611
ccgccgg	7.84	0.00510737229257	0.613636363636	0.486915574673	0.271428571429	0.444696640465
tcatggct	7.8	0.00523043009042	0.590909090909	0.491666083018	0.257142857143	0.437058815451
aaatctct	7.73	0.00542521849175	0.545454545455	0.497929597732	0.228571428571	0.419912527334
caagttaa	7.73	0.00542521849175	0.545454545455	0.497929597732	0.228571428571	0.419912527334
tgatagc	7.71	0.00547658297145	0.454545454545	0.497929597732	0.171428571429	0.376883027379
actaggtt	7.71	0.00548841544482	0.522727272727	0.499483203996	0.214285714286	0.410325903324
gtcatcat	7.64	0.00571784156933	0.25	0.433012701892	0.0571428571429	0.23211538299
gggtatcc	7.64	0.00571784156933	0.25	0.433012701892	0.0571428571429	0.23211538299
ataaagat	-7.46	0.0063019503309	0.0681818181818	0.252057647873	0.314285714286	0.464230765979
gtgcctt	7.34	0.00673812642063	0.272727272727	0.445361771415	0.0714285714286	0.257539376819
cccgaaagg	7.34	0.00673812642063	0.272727272727	0.445361771415	0.0714285714286	0.257539376819
ggtggtgg	7.13	0.0075755329164	0.295454545455	0.456246815906	0.0857142857143	0.27994168489
ggagttt	-7.06	0.00786606013244	0.0227272727273	0.149032693734	0.214285714286	0.410325903324
aatgctct	-7.06	0.00786606013244	0.0227272727273	0.149032693734	0.214285714286	0.410325903324
ggggagc	-7.03	0.00801573748961	0.204545454545	0.40336907612	0.528571428571	0.49918300599
taccctaacc	6.98	0.00823419125469	0.318181818182	0.465770489362	0.1	0.3
tctaggtt	6.98	0.00823419125469	0.318181818182	0.465770489362	0.1	0.3
ggtggac	6.81	0.00907767585452	0.363636363636	0.481045692921	0.128571428571	0.33472498611
gtcggacgt	6.81	0.00907767585452	0.363636363636	0.481045692921	0.128571428571	0.33472498611
ttggagt	6.81	0.00907767585452	0.363636363636	0.481045692921	0.128571428571	0.33472498611
atgcgc	-6.8	0.00913019713554	0.136363636364	0.343174292512	0.414285714286	0.492598275702
gtgagt	6.8	0.00913947441386	0.5	0.5	0.214285714286	0.410325903324
ggttat	6.77	0.00929392486576	0.477272727273	0.499483203996	0.2	0.4
cgtaatcc	6.74	0.00944581175315	0.431818181818	0.495329425402	0.171428571429	0.376883027379
ggggtgg	6.71	0.00958702336479	0.204545454545	0.40336907612	0.0428571428571	0.202534955411
cttacggt	6.71	0.00958702336479	0.204545454545	0.40336907612	0.0428571428571	0.202534955411
cgaacac	6.71	0.00958702336479	0.204545454545	0.40336907612	0.0428571428571	0.202534955411
tagcgat	-6.68	0.00977443762277	0.25	0.433012701892	0.585714285714	0.492598275702
agaaatcc	-6.6	0.0101818133635	0.113636363636	0.317369091904	0.371428571429	0.483186700723
aacgcgtcc	-6.57	0.0103916492503	0.204545454545	0.40336907612	0.514285714286	0.499795876701
gagggctt	6.56	0.0104453070362	0.136363636364	0.343174292512	0.0142857142857	0.118666055185
gagaccgg	6.56	0.0104453070362	0.136363636364	0.343174292512	0.0142857142857	0.118666055185
gacttagc	6.56	0.0104453070362	0.136363636364	0.343174292512	0.0142857142857	0.118666055185
cgtggct	6.56	0.0104453070362	0.136363636364	0.343174292512	0.0142857142857	0.118666055185
ctagtgac	6.56	0.0104453070362	0.136363636364	0.343174292512	0.0142857142857	0.118666055185
aaggtgc	-6.45	0.0110782158901	0.0227272727273	0.149032693734	0.2	0.4
tcgggat	6.37	0.0116214949281	0.227272727273	0.419070202604	0.0571428571429	0.23211538299
acattgg	6.37	0.0116214949281	0.227272727273	0.419070202604	0.0571428571429	0.23211538299
ctgtgac	6.37	0.0116214949281	0.227272727273	0.419070202604	0.0571428571429	0.23211538299
cgaggtgg	6.37	0.0116214949281	0.227272727273	0.419070202604	0.0571428571429	0.23211538299
atttcggat	6.36	0.0116482577894	0.0909090909091	0.287479787288	0.0	0.0
taggactaa	6.36	0.0116482577894	0.0909090909091	0.287479787288	0.0	0.0
cggaagc	6.36	0.0116482577894	0.0909090909091	0.287479787288	0.0	0.0
attaaagaa	6.36	0.0116482577894	0.0909090909091	0.287479787288	0.0	0.0
gcctacac	6.36	0.0116482577894	0.0909090909091	0.287479787288	0.0	0.0
aaagtttcgg	6.36	0.0116482577894	0.0909090909091	0.287479787288	0.0	0.0
cttaatacgt	6.36	0.0116482577894	0.0909090909091	0.287479787288	0.0	0.0
aggacggtac	6.36	0.0116482577894	0.0909090909091	0.287479787288	0.0	0.0
gtccgcaa	6.36	0.0116482577894	0.0909090909091	0.287479787288	0.0	0.0
cttaagtcgg	6.36	0.0116482577894	0.0909090909091	0.287479787288	0.0	0.0
cttttgggg	6.36	0.0116482577894	0.0909090909091	0.287479787288	0.0	0.0
ctgggaa	-6.32	0.0119593664871	0.0454545454545	0.208298895225	0.242857142857	0.428809457709
gctaacc	6.31	0.0119928096147	0.613636363636	0.486915574673	0.3	0.458257569496
ttctagt	-6.29	0.0121715013479	0.0	0.0	0.142857142857	0.349927106112
gggctttcc	-6.29	0.0121715013479	0.0	0.0	0.142857142857	0.349927106112
aagcgttat	6.14	0.0132277484271	0.25	0.433012701892	0.0714285714286	0.257539376819
gccaatcc	6.14	0.0132277484271	0.25	0.433012701892	0.0714285714286	0.257539376819
tggcattt	6.11	0.0134438884433	0.863636363636	0.343174292512	0.485714285714	0.499795876701
gctatat	-6.05	0.0139449151817	0.159090909091	0.365760839533	0.428571428571	0.494871659305
gcggagg	-6.05	0.0139449151817	0.159090909091	0.365760839533	0.428571428571	0.494871659305
aagactac	5.98	0.0144328239388	0.272727272727	0.445361771415	0.0857142857143	0.27994168489
ctgtggac	5.98	0.0144328239388	0.272727272727	0.445361771415	0.0857142857143	0.27994168489
tggatat	5.98	0.0144328239388	0.272727272727	0.445361771415	0.0857142857143	0.27994168489
caagtcgat	5.98	0.0144328239388	0.272727272727	0.445361771415	0.0857142857143	0.27994168489
ctgcgc	5.98	0.0144328239388	0.272727272727	0.445361771415	0.0857142857143	0.27994168489
aagcgagc	5.98	0.0144328239388	0.272727272727	0.445361771415	0.0857142857143	0.27994168489
gccctat	5.92	0.0149937017819	0.477272727273	0.499483203996	0.214285714286	0.410325903324
tggtagt	5.9	0.0151135074589	0.681818181818	0.465770489362	0.357142857143	0.47915742375
gaagttgg	5.88	0.0152861735145	0.295454545455	0.456246815906	0.1	0.3
aaactcaa	5.88	0.0152861735145	0.295454545455	0.456246815906	0.1	0.3
cgggaaac	5.88	0.0152861735145	0.295454545455	0.456246815906	0.1	0.3
ggcctct	5.88	0.0152861735145	0.295454545455	0.456246815906	0.1	0.3
gtcagat	5.87	0.015405263018	0.454545454545	0.497929597732	0.2	0.4
tgcgggaa	-5.84	0.0156280459246	0.0227272727273	0.149032693734	0.185714285714	0.388875931109
cccatcac	5.83	0.0157562866449	0.159090909091	0.365760839533	0.0285714285714	0.166598625567
aatctgcct	5.83	0.0157562866449	0.159090909091	0.365760839533	0.0285714285714	0.166598625567
tacggcaa	5.83	0.0157562866449	0.159090909091	0.365760839533	0.0285714285714	0.166598625567
cagcgac	5.83	0.0157562866449	0.159090909091	0.365760839533	0.0285714285714	0.166598625567
aagaagac	5.83	0.0157562866449	0.159090909091	0.365760839533	0.0285714285714	0.166598625567
gtgtagg	5.82	0.0158421799065	0.318181818182	0.465770489362	0.114285714286	0.31815796359
aatccctt	5.82	0.0158421799065	0.318181818182	0.465770489362	0.114285714286	0.31815796359
aaaggtttac	5.82	0.0158421799065	0.318181818182	0.465770489362	0.114285714286	0.31815796359
atttagt	5.81	0.0159213342547	0.659090909091	0.474014854878	0.342857142857	0.474664220738
tatgac	-5.8	0.0159982207172	0.136363636364	0.343174292512	0.385714285714	0.486763572497
gagggc	5.8	0.0160356472439	0.409090909091	0.491666083018	0.171428571429	0.376883027379
aaagctgg	5.8	0.0160356472439	0.409090909091	0.491666083018	0.171428571429	0.376883027379
tacgtctt	5.8	0.0160356472439	0.409090909091	0.491666083018	0.171428571429	0.376883027379
aggttgc	5.79	0.0161524555896	0.340909090909	0.474014854878	0.128571428571	0.33472498611
ggcctttt	5.79	0.0161524555896	0.340909090909	0.474014854878	0.128571428571	0.33472498611
cgatgaccgg	-5.78	0.0161791929637	0.0681818181818	0.252057647873	0.271428571429	0.444696640465
tcgatagt	5.78	0.0162128781849	0.386363636364	0.486915574673	0.157142857143	0.363935405796
gaactgc	5.78	0.0162128781849	0.386363636364	0.486915574673	0.157142857143	0.363935405796
acttcggtt	5.78	0.0162128781849	0.386363636364	0.486915574673	0.157142857143	0.363935405796
tccttcac	5.78	0.0162128781849	0.386363636364	0.486915574673	0.157142857143	0.363935405796
cacctgagt	5.78	0.0162128781849	0.386363636364	0.486915574673	0.157142857143	0.363935405796
cagttcgt	5.77	0.0162628828193	0.363636363636	0.481045692921	0.142857142857	0.349927106112
ggattcat	-5.74	0.0166048781037	0.0454545454545	0.208298895225	0.228571428571	0.419912527334
tatgacgc	-5.74	0.0166048781037	0.0454545454545	0.208298895225	0.228571428571	0.419912527334
ctttcac	5.72	0.0167601831171	0.636363636364	0.481045692921	0.328571428571	0.469693777794
caacgac	5.7	0.0169641284186	0.772727272727	0.419070202604	0.428571428571	0.494871659305
ctaaaaagc	-5.66	0.0173844203521	0.0	0.0	0.128571428571	0.33472498611
tgtatcac	-5.66	0.0173844203521	0.0	0.0	0.128571428571	0.33472498611
ggctttat	-5.66	0.0173844203521	0.0	0.0	0.128571428571	0.33472498611
gtcattt	5.6	0.0179722921312	0.75	0.433012701892	0.414285714286	0.492598275702
attcagat	5.6	0.0179722921312	0.75	0.433012701892	0.414285714286	0.492598275702
tcattgg	5.55	0.0185246489469	0.590909090909	0.491666083018	0.3	0.458257569496
ctttgc	5.46	0.0194450815088	0.568181818182	0.495329425402	0.285714285714	0.451753951453
ataaaatt	-5.43	0.0198286593761	0.340909090909	0.474014854878	0.671428571429	0.469693777794
gggtcatgc	5.41	0.0200579051514	0.181818181818	0.38569460792	0.0428571428571	0.202534955411
acgggcaa	5.41	0.0200579051514	0.181818181818	0.38569460792	0.0428571428571	0.202534955411
gtgatac	5.41	0.0200579051514	0.181818181818	0.38569460792	0.0428571428571	0.202534955411
ctcttagt	5.41	0.0200579051514	0.181818181818	0.38569460792	0.0428571428571	0.202534955411
tgacgaa	5.41	0.0200579051514	0.181818181818	0.38569460792	0.0428571428571	0.202534955411
gtcattgt	5.41	0.0200579051514	0.181818181818	0.38569460792	0.0428571428571	0.202534955411
agatac	5.4	0.0201582059632	0.704545454545	0.456246815906	0.385714285714	0.486763572497
cttgagt	-5.39	0.0202968357836	0.0909090909091	0.287479787288	0.3	0.458257569496
aatagaa	-5.39	0.0202968357836	0.0909090909091	0.287479787288	0.3	0.458257569496
accagaa	-5.38	0.0203523226961	0.181818181818	0.38569460792	0.442857142857	0.496723961449
aaatcctt	5.26	0.0218021682197	0.795454545455	0.40336907612	0.457142857143	0.498159879262
cttcac	5.26	0.0218021682197	0.795454545455	0.40336907612	0.457142857143	0.498159879262
agatatt	-5.24	0.0220877287321	0.0227272727273	0.149032693734	0.171428571429	0.376883027379
cttggtgc	-5.24	0.0220877287321	0.0227272727273	0.149032693734	0.171428571429	0.376883027379
attaaagc	-5.24	0.0220877287321	0.0227272727273	0.149032693734	0.171428571429	0.376883027379
aattagc	-5.24	0.0221123860116	0.0681818181818	0.252057647873	0.257142857143	0.437058815451
tg	-5.24	0.0221123860116	0.0681818181818	0.252057647873	0.257142857143	0.437058815451
gaccctgt	-5.22	0.0222864274186	0.204545454545	0.40336907612	0.471428571429	0.49918300599
aggt	5.22	0.0223031681523	0.5	0.5	0.242857142857	0.428809457709
gggtctt	5.15	0.0232625905056	0.477272727273	0.499483203996	0.228571428571	0.419912527334
cgcgct	5.15	0.0232625905056	0.477272727273	0.499483203996	0.228571428571	0.419912527334
agggggc	5.15	0.0232625905056	0.477272727273	0.499483203996	0.228571428571	0.419912527334
gcaagtcgc	5.15	0.0232764849774	0.204545454545	0.40336907612	0.0571428571429	0.23211538299
cgggggat	5.15	0.0232764849774	0.204545454545	0.40336907612	0.0571428571429	0.23211538299
aggctagc	5.15	0.0232764849774	0.204545454545	0.40336907612	0.0571428571429	0.23211538299
gaaattt	-5.11	0.0238257450401	0.159090909091	0.365760839533	0.4	0.489897948557
ggacgttac	5.08	0.0242064780473	0.454545454545	0.497929597732	0.214285714286	0.410325903324
tagtctt	5.08	0.0242068980894	0.863636363636	0.343174292512	0.514285714286	0.499795876701
agttggggac	5.07	0.0243871958805	0.113636363636	0.317369091904	0.0142857142857	0.118666055185
catggaa	5.07	0.0243871958805	0.113636363636	0.317369091904	0.0142857142857	0.118666055185
aatgcac	5.07	0.0243871958805	0.113636363636	0.317369091904	0.0142857142857	0.118666055185
acaagat	5.07	0.0243871958805	0.113636363636	0.317369091904	0.0142857142857	0.118666055185
ttgacat	5.07	0.0243871958805	0.113636363636	0.317369091904	0.0142857142857	0.118666055185
gaagttttt	5.07	0.0243871958805	0.113636363636	0.317369091904	0.0142857142857	0.118666055185
cagactgg	5.07	0.0243871958805	0.113636363636	0.317369091904	0.0142857142857	0.118666055185
gagcaacc	5.07	0.0243871958805	0.113636363636	0.317369091904	0.0142857142857	0.118666055185
tcggggaaac	5.07	0.0243871958805	0.113636363636	0.317369091904	0.0142857142857	0.118666055185
taaaaagc	5.07	0.0243871958805	0.113636363636	0.317369091904	0.0142857142857	0.118666055185
cgactgcat	5.07	0.0243871958805	0.113636363636	0.317369091904	0.0142857142857	0.118666055185
cttattgt	5.07	0.0243871958805	0.113636363636	0.317369091904	0.0142857142857	0.118666055185
tgcaaac	5.07	0.0243871958805	0.113636363636	0.317369091904	0.0142857142857	0.118666055185
gacagc	5.05	0.0246114402001	0.75	0.433012701892	0.428571428571	0.494871659305
aattgttt	-5.03	0.0249324556029	0.0	0.0	0.114285714286	0.31815796359
tctggac	-5.03	0.0249324556029	0.0	0.0	0.114285714286	0.31815796359
cggagac	5.02	0.0251184358545	0.431818181818	0.495329425402	0.2	0.4
gcgggac	-4.99	0.0254617026305	0.363636363636	0.481045692921	0.685714285714	0.464230765979
atgccgt	4.99	0.0255382563102	0.227272727273	0.419070202604	0.0714285714286	0.257539376819
attggtac	4.99	0.0255382563102	0.227272727273	0.419070202604	0.0714285714286	0.257539376819
cctcaa	4.91	0.0267565983838	0.386363636364	0.486915574673	0.171428571429	0.376883027379
agatctt	4.91	0.0267565983838	0.386363636364	0.486915574673	0.171428571429	0.376883027379
agagagt	4.89	0.0270140010234	0.25	0.433012701892	0.0857142857143	0.27994168489
gggaatt	4.89	0.0270140010234	0.25	0.433012701892	0.0857142857143	0.27994168489
ggtattcc	4.89	0.0270140010234	0.25	0.433012701892	0.0857142857143	0.27994168489
gaggtgg	4.89	0.0270140010234	0.25	0.433012701892	0.0857142857143	0.27994168489
ggaagaa	-4.89	0.0270870185973	0.272727272727	0.445361771415	0.557142857143	0.496723961449
ggtctaa	-4.87	0.0273254439416	0.0909090909091	0.287479787288	0.285714285714	0.451753951453
cagcgat	-4.87	0.0273254439416	0.0909090909091	0.287479787288	0.285714285714	0.451753951453
tctgctt	4.86	0.0274215861335	0.363636363636	0.481045692921	0.157142857143	0.363935405796
agtccac	4.86	0.0274215861335	0.363636363636	0.481045692921	0.157142857143	0.363935405796
aaaggtttt	4.86	0.0274215861335	0.363636363636	0.481045692921	0.157142857143	0.363935405796
tgcgat	-4.84	0.0277601894555	0.136363636364	0.343174292512	0.357142857143	0.47915742375
acccgccc	4.84	0.0278655950861	0.272727272727	0.445361771415	0.1	0.3
tccgtat	4.84	0.0278655950861	0.272727272727	0.445361771415	0.1	0.3
catcgat	-4.84	0.0278655950861	0.454545454545	0.497929597732	0.8	0.4
agcagt	-4.84	0.0278655950861	0.454545454545	0.497929597732	0.8	0.4
ggtgtagc	4.83	0.0279286310945	0.340909090909	0.474014854878	0.142857142857	0.349927106112
gtgcactt	4.83	0.0279286310945	0.340909090909	0.474014854878	0.142857142857	0.349927106112
taagcaa	4.83	0.0279286310945	0.340909090909	0.474014854878	0.142857142857	0.349927106112
ctgcctt	4.81	0.0282219930119	0.318181818182	0.465770489362	0.128571428571	0.33472498611
ggggttcgg	4.81	0.028230844574	0.295454545455	0.456246815906	0.114285714286	0.31815796359
attaggtt	4.81	0.028230844574	0.295454545455	0.456246815906	0.114285714286	0.31815796359
attcggtt	4.81	0.028230844574	0.295454545455	0.456246815906	0.114285714286	0.31815796359
cgcgtgc	4.81	0.028230844574	0.295454545455	0.456246815906	0.114285714286	0.31815796359
gggggagt	4.81	0.028230844574	0.295454545455	0.456246815906	0.114285714286	0.31815796359
gcgacac	4.81	0.028230844574	0.295454545455	0.456246815906	0.114285714286	0.31815796359
tatgccgg	4.77	0.028913987343	0.0681818181818	0.252057647873	0.0	0.0
ccgggaaaccgg	4.77	0.028913987343	0.0681818181818	0.252057647873	0.0	0.0
aggggtgg	4.77	0.028913987343	0.0681818181818	0.252057647873	0.0	0.0
ggtagtaact	4.77	0.028913987343	0.0681818181818	0.252057647873	0.0	0.0
ggaacctgg	4.77	0.028913987343	0.0681818181818	0.252057647873	0.0	0.0
ggtgtggcc	4.77	0.028913987343	0.0681818181818	0.252057647873	0.0	0.0
gagtacct	4.77	0.028913987343	0.0681818181818	0.252057647873	0.0	0.0
actaggtgt	4.77	0.028913987343	0.0681818181818	0.252057647873	0.0	0.0
tggcgagt	4.77	0.028913987343	0.0681818181818	0.252057647873	0.0	0.0
gatacac	4.77	0.028913987343	0.0681818181818	0.252057647873	0.0	0.0
ccgaagtcgt	4.77	0.028913987343	0.0681818181818	0.252057647873	0.0	0.0
gggctcac	4.77	0.028913987343	0.0681818181818	0.252057647873	0.0	0.0
aaacgcat	4.77	0.028913987343	0.0681818181818	0.252057647873	0.0	0.0
aggggcac	4.77	0.028913987343	0.0681818181818	0.252057647873	0.0	0.0
ccttcgggat	4.77	0.028913987343	0.0681818181818	0.252057647873	0.0	0.0
tatgccgc	4.77	0.028913987343	0.0681818181818	0.252057647873	0.0	0.0
attgcagt	4.77	0.028913987343	0.0681818181818	0.252057647873	0.0	0.0
accgccagt	4.77	0.028913987343	0.0681818181818	0.252057647873	0.0	0.0
ggtcacac	4.77	0.028913987343	0.0681818181818	0.252057647873	0.0	0.0
acttcagg	4.77	0.028913987343	0.0681818181818	0.252057647873	0.0	0.0
actaggcgt	4.77	0.028913987343	0.0681818181818	0.252057647873	0.0	0.0
gcctaaagc	4.77	0.028913987343	0.0681818181818	0.252057647873	0.0	0.0
cgcctgt	4.77	0.028913987343	0.0681818181818	0.252057647873	0.0	0.0
ggttgat	4.77	0.028913987343	0.0681818181818	0.252057647873	0.0	0.0
gagtgagt	4.77	0.028913987343	0.0681818181818	0.252057647873	0.0	0.0
acgctgg	4.77	0.028913987343	0.0681818181818	0.252057647873	0.0	0.0
gaggaact	4.77	0.028913987343	0.0681818181818	0.252057647873	0.0	0.0
atcagcaat	4.77	0.028913987343	0.0681818181818	0.252057647873	0.0	0.0
actgcctt	4.77	0.028913987343	0.0681818181818	0.252057647873	0.0	0.0
agaattagt	4.77	0.028913987343	0.0681818181818	0.252057647873	0.0	0.0
gctcaacgcgt	4.77	0.028913987343	0.0681818181818	0.252057647873	0.0	0.0
agaaatat	4.77	0.028913987343	0.0681818181818	0.252057647873	0.0	0.0
caggagc	4.72	0.0297695617948	0.545454545455	0.497929597732	0.285714285714	0.451753951453
tgggt	4.72	0.0298160241893	0.886363636364	0.317369091904	0.542857142857	0.498159879262
ctttcagt	4.72	0.0298160241893	0.886363636364	0.317369091904	0.542857142857	0.498159879262
gagaatct	-4.64	0.0312834980854	0.0227272727273	0.149032693734	0.157142857143	0.363935405796
ggaaattcc	-4.64	0.0312834980854	0.0227272727273	0.149032693734	0.157142857143	0.363935405796
aatactat	-4.64	0.0312834980854	0.0227272727273	0.149032693734	0.157142857143	0.363935405796
gagtattt	-4.64	0.0312834980854	0.0227272727273	0.149032693734	0.157142857143	0.363935405796
ggcaccc	-4.6	0.0320143694333	0.0454545454545	0.208298895225	0.2	0.4
cgtattaa	-4.6	0.0320143694333	0.0454545454545	0.208298895225	0.2	0.4
gaagccac	-4.59	0.0321095072458	0.113636363636	0.317369091904	0.314285714286	0.464230765979
aatatgc	-4.59	0.0321095072458	0.113636363636	0.317369091904	0.314285714286	0.464230765979
caaaaagc	4.54	0.0331124555206	0.75	0.433012701892	0.442857142857	0.496723961449
ctgtc	4.53	0.0332909805918	0.636363636364	0.481045692921	0.357142857143	0.47915742375
cgagagat	-4.5	0.0339233915304	0.181818181818	0.38569460792	0.414285714286	0.492598275702
ccgtaggtgg	4.47	0.0344268924131	0.136363636364	0.343174292512	0.0285714285714	0.166598625567
taccttat	4.47	0.0344268924131	0.136363636364	0.343174292512	0.0285714285714	0.166598625567
actgttgt	4.47	0.0344268924131	0.136363636364	0.343174292512	0.0285714285714	0.166598625567
acactcgg	4.47	0.0344268924131	0.136363636364	0.343174292512	0.0285714285714	0.166598625567
ctccggat	4.47	0.0344268924131	0.136363636364	0.343174292512	0.0285714285714	0.166598625567
agaagggg	4.47	0.0344268924131	0.136363636364	0.343174292512	0.0285714285714	0.166598625567
cgaatagg	4.47	0.0344268924131	0.136363636364	0.343174292512	0.0285714285714	0.166598625567
agccctt	4.47	0.0344268924131	0.136363636364	0.343174292512	0.0285714285714	0.166598625567
gcctttcgg	4.45	0.0348217155728	0.477272727273	0.499483203996	0.242857142857	0.428809457709
gtaaat	4.45	0.0348217155728	0.477272727273	0.499483203996	0.242857142857	0.428809457709
tgaagt	4.43	0.0353531523418	0.613636363636	0.486915574673	0.342857142857	0.474664220738
ccgtggcgaa	-4.4	0.035938930574	0.0	0.0	0.1	0.3
tgggtgg	-4.4	0.035938930574	0.0	0.0	0.1	0.3
gtaaaagg	-4.4	0.035938930574	0.0	0.0	0.1	0.3
ggcggagt	-4.4	0.035938930574	0.0	0.0	0.1	0.3
gtaaggac	4.37	0.0366020901791	0.454545454545	0.497929597732	0.228571428571	0.419912527334
accctgat	-4.36	0.0367089895405	0.0909090909091	0.287479787288	0.271428571429	0.444696640465
gccttct	4.33	0.0375366798676	0.590909090909	0.491666083018	0.328571428571	0.469693777794
cgttctt	4.33	0.0375366798676	0.590909090909	0.491666083018	0.328571428571	0.469693777794
aagggccc	4.29	0.0384123473303	0.431818181818	0.495329425402	0.214285714286	0.410325903324
ctgcat	4.29	0.0384123473303	0.431818181818	0.495329425402	0.214285714286	0.410325903324
gtcgttt	4.28	0.0385067676973	0.795454545455	0.40336907612	0.485714285714	0.499795876701
ataatt	-4.28	0.0385743755731	0.363636363636	0.481045692921	0.657142857143	0.474664220738
tcgcctt	4.22	0.0398467283994	0.568181818182	0.495329425402	0.314285714286	0.464230765979
ccggagg	4.22	0.0398467283994	0.568181818182	0.495329425402	0.314285714286	0.464230765979
acaagc	4.22	0.040007774315	0.681818181818	0.465770489362	0.4	0.489897948557
aaacttagc	-4.21	0.0402302755061	0.159090909091	0.365760839533	0.371428571429	0.483186700723
tggtcaa	-4.21	0.0402302755061	0.159090909091	0.365760839533	0.371428571429	0.483186700723
gcttagc	-4.21	0.0402302755061	0.159090909091	0.365760839533	0.371428571429	0.483186700723
gagttcc	4.21	0.0402348261516	0.409090909091	0.491666083018	0.2	0.4
cg	4.21	0.0402348261516	0.409090909091	0.491666083018	0.2	0.4
ttctct	4.21	0.0402348261516	0.409090909091	0.491666083018	0.2	0.4
ccccgcaa	-4.17	0.0411426458831	0.0681818181818	0.252057647873	0.228571428571	0.419912527334
gccgcaa	-4.17	0.0411426458831	0.0681818181818	0.252057647873	0.228571428571	0.419912527334
cagagaa	-4.17	0.0412402434696	0.477272727273	0.499483203996	0.8	0.4
caagtgac	4.16	0.0413608527501	0.159090909091	0.365760839533	0.0428571428571	0.202534955411
cttgcctt	4.16	0.0413608527501	0.159090909091	0.365760839533	0.0428571428571	0.202534955411
attcggtagt	4.16	0.0413608527501	0.159090909091	0.365760839533	0.0428571428571	0.202534955411
gattgac	4.16	0.0413608527501	0.159090909091	0.365760839533	0.0428571428571	0.202534955411
atctgcct	4.16	0.0413608527501	0.159090909091	0.365760839533	0.0428571428571	0.202534955411
gaggtgt	4.16	0.0413608527501	0.159090909091	0.365760839533	0.0428571428571	0.202534955411
gcattgg	4.16	0.0413608527501	0.159090909091	0.365760839533	0.0428571428571	0.202534955411
aggtggtac	4.16	0.0413608527501	0.159090909091	0.365760839533	0.0428571428571	0.202534955411
ttaagttcgg	4.16	0.0413608527501	0.159090909091	0.365760839533	0.0428571428571	0.202534955411
aaccagc	4.16	0.0413608527501	0.159090909091	0.365760839533	0.0428571428571	0.202534955411
cgggcac	4.13	0.0420453769003	0.386363636364	0.486915574673	0.185714285714	0.388875931109
caacacct	-4.11	0.0425212222971	0.113636363636	0.317369091904	0.3	0.458257569496
aaaaaccc	-4.11	0.0425212222971	0.113636363636	0.317369091904	0.3	0.458257569496
gcgcgagt	-4.11	0.0425212222971	0.113636363636	0.317369091904	0.3	0.458257569496
gattgg	4.11	0.0426199584663	0.659090909091	0.474014854878	0.385714285714	0.486763572497
agacagc	-4.07	0.0435808563926	0.181818181818	0.38569460792	0.4	0.489897948557
tccagaa	-4.07	0.0435808563926	0.181818181818	0.38569460792	0.4	0.489897948557
ccgcaa	4.06	0.0438077557214	0.75	0.433012701892	0.457142857143	0.498159879262
catgct	-4.06	0.0440102416531	0.295454545455	0.456246815906	0.557142857143	0.496723961449
gcgaatctt	-4.04	0.0444145529829	0.0227272727273	0.149032693734	0.142857142857	0.349927106112
ttggagaa	-4.04	0.0444145529829	0.0227272727273	0.149032693734	0.142857142857	0.349927106112
tctgccc	-4.04	0.0444145529829	0.0227272727273	0.149032693734	0.142857142857	0.349927106112
gatct	-4.04	0.0444145529829	0.0227272727273	0.149032693734	0.142857142857	0.349927106112
gaagctgg	-4.04	0.0444145529829	0.0227272727273	0.149032693734	0.142857142857	0.349927106112
cacctttt	-4.04	0.0444145529829	0.0227272727273	0.149032693734	0.142857142857	0.349927106112
gggatcc	-4.04	0.0444475016774	0.0454545454545	0.208298895225	0.185714285714	0.388875931109
cattgat	-4.04	0.0444475016774	0.0454545454545	0.208298895225	0.185714285714	0.388875931109
gcaaaa	-4.04	0.0444475016774	0.0454545454545	0.208298895225	0.185714285714	0.388875931109
cgggagc	-4.04	0.0444475016774	0.0454545454545	0.208298895225	0.185714285714	0.388875931109
atcggtgac	-4.04	0.0444475016774	0.0454545454545	0.208298895225	0.185714285714	0.388875931109
tcttaagc	4.02	0.0448649488746	0.522727272727	0.499483203996	0.285714285714	0.451753951453
ggcgagt	4.02	0.0448649488746	0.522727272727	0.499483203996	0.285714285714	0.451753951453
gattat	4.02	0.0448649488746	0.522727272727	0.499483203996	0.285714285714	0.451753951453
gaaggtt	4.0	0.045406874147	0.636363636364	0.481045692921	0.371428571429	0.483186700723
ttgggg	4.0	0.045406874147	0.636363636364	0.481045692921	0.371428571429	0.483186700723
tcggagac	3.99	0.0457816492078	0.181818181818	0.38569460792	0.0571428571429	0.23211538299
tcggaaacggac	3.99	0.0457816492078	0.181818181818	0.38569460792	0.0571428571429	0.23211538299
cgcctgaa	3.99	0.0457816492078	0.181818181818	0.38569460792	0.0571428571429	0.23211538299
ggcggcc	3.99	0.0457816492078	0.181818181818	0.38569460792	0.0571428571429	0.23211538299
cgtagagat	3.99	0.0457816492078	0.181818181818	0.38569460792	0.0571428571429	0.23211538299
gtagagg	-3.97	0.0463542497784	0.340909090909	0.474014854878	0.614285714286	0.486763572497
aaatagc	-3.96	0.04649592388	0.204545454545	0.40336907612	0.428571428571	0.494871659305
aatgataa	-3.96	0.04649592388	0.204545454545	0.40336907612	0.428571428571	0.494871659305
ggtagggt	3.94	0.0470162971203	0.318181818182	0.465770489362	0.142857142857	0.349927106112
gtgcatgt	3.94	0.0470162971203	0.318181818182	0.465770489362	0.142857142857	0.349927106112
acctgc	3.94	0.0470162971203	0.318181818182	0.465770489362	0.142857142857	0.349927106112
aatattt	-3.94	0.0472474334973	0.363636363636	0.481045692921	0.642857142857	0.47915742375
gtcctgg	3.92	0.0475805847782	0.5	0.5	0.271428571429	0.444696640465
gccttgt	3.92	0.0475805847782	0.5	0.5	0.271428571429	0.444696640465
catctctt	-3.92	0.0476102672482	0.136363636364	0.343174292512	0.328571428571	0.469693777794
tcgtgc	-3.92	0.0476102672482	0.136363636364	0.343174292512	0.328571428571	0.469693777794
tcaacgg	3.9	0.048314959678	0.295454545455	0.456246815906	0.128571428571	0.33472498611
gcgttcgat	3.9	0.048314959678	0.295454545455	0.456246815906	0.128571428571	0.33472498611
tccacgt	3.9	0.048314959678	0.295454545455	0.456246815906	0.128571428571	0.33472498611
gctgagg	3.9	0.048314959678	0.295454545455	0.456246815906	0.128571428571	0.33472498611
catgggg	3.9	0.048314959678	0.295454545455	0.456246815906	0.128571428571	0.33472498611
ctataa	3.9	0.048314959678	0.295454545455	0.456246815906	0.128571428571	0.33472498611
agggaaac	3.9	0.0483314547047	0.204545454545	0.40336907612	0.0714285714286	0.257539376819
ttacgagt	3.9	0.0483314547047	0.204545454545	0.40336907612	0.0714285714286	0.257539376819
gggggaaagg	3.9	0.0483314547047	0.204545454545	0.40336907612	0.0714285714286	0.257539376819
gcgctgc	3.9	0.0483314547047	0.204545454545	0.40336907612	0.0714285714286	0.257539376819
cgtgat	3.9	0.0483802374814	0.613636363636	0.486915574673	0.357142857143	0.47915742375
gcctttt	3.9	0.0483802374814	0.613636363636	0.486915574673	0.357142857143	0.47915742375
gatcgg	3.9	0.0483802374814	0.613636363636	0.486915574673	0.357142857143	0.47915742375
aatgac	-3.89	0.0485638291259	0.409090909091	0.491666083018	0.7	0.458257569496
gcagctt	-3.87	0.0490116640504	0.227272727273	0.419070202604	0.457142857143	0.498159879262
acactgc	-3.87	0.0491942277303	0.0909090909091	0.287479787288	0.257142857143	0.437058815451
acttgt	-3.87	0.0491942277303	0.0909090909091	0.287479787288	0.257142857143	0.437058815451
gtccggaacc	-3.87	0.0491942277303	0.0909090909091	0.287479787288	0.257142857143	0.437058815451
gcccgggg	3.87	0.0492745850303	0.272727272727	0.445361771415	0.114285714286	0.31815796359
gtccgggg	3.87	0.0492745850303	0.272727272727	0.445361771415	0.114285714286	0.31815796359
tcattagc	3.87	0.0492745850303	0.272727272727	0.445361771415	0.114285714286	0.31815796359
tagtagg	-3.86	0.0493532162441	0.454545454545	0.497929597732	0.757142857143	0.428809457709
atgccat	-3.86	0.0493532162441	0.454545454545	0.497929597732	0.757142857143	0.428809457709
gaagtcgt	3.86	0.0495250279489	0.227272727273	0.419070202604	0.0857142857143	0.27994168489
gaaagtcc	3.86	0.0495250279489	0.227272727273	0.419070202604	0.0857142857143	0.27994168489
tggaaac	3.86	0.0495250279489	0.227272727273	0.419070202604	0.0857142857143	0.27994168489
cgtgctt	3.85	0.0497459907215	0.25	0.433012701892	0.1	0.3
cagtgtct	3.85	0.0497459907215	0.25	0.433012701892	0.1	0.3
cgactcgt	3.79	0.0515524481429	0.590909090909	0.491666083018	0.342857142857	0.474664220738
ataccac	-3.78	0.0520125436705	0.159090909091	0.365760839533	0.357142857143	0.47915742375
cgacaagc	-3.77	0.0521350877247	0.0	0.0	0.0857142857143	0.27994168489
ggtctcagt	-3.77	0.0521350877247	0.0	0.0	0.0857142857143	0.27994168489
gaagttct	-3.77	0.0521350877247	0.0	0.0	0.0857142857143	0.27994168489
accaaagc	-3.77	0.0521350877247	0.0	0.0	0.0857142857143	0.27994168489
gcttaaac	-3.77	0.0521350877247	0.0	0.0	0.0857142857143	0.27994168489
gcatatagc	-3.77	0.0521350877247	0.0	0.0	0.0857142857143	0.27994168489
tcgcaagaa	-3.77	0.0521350877247	0.0	0.0	0.0857142857143	0.27994168489
ggggaagat	-3.77	0.0521350877247	0.0	0.0	0.0857142857143	0.27994168489
gggaagaa	-3.77	0.0521350877247	0.0	0.0	0.0857142857143	0.27994168489
ttttgc	-3.77	0.0521350877247	0.0	0.0	0.0857142857143	0.27994168489
gagatcagt	-3.77	0.0521350877247	0.0	0.0	0.0857142857143	0.27994168489
agatagg	-3.77	0.0521350877247	0.0	0.0	0.0857142857143	0.27994168489
ggccaatt	3.73	0.0534340731687	0.454545454545	0.497929597732	0.242857142857	0.428809457709
ccaatgg	-3.7	0.0545271954524	0.295454545455	0.456246815906	0.542857142857	0.498159879262
atgtggtt	-3.66	0.0558002878982	0.318181818182	0.465770489362	0.571428571429	0.494871659305
cgaagctgg	-3.65	0.0559818426719	0.0681818181818	0.252057647873	0.214285714286	0.410325903324
cttggcaa	-3.65	0.0559818426719	0.0681818181818	0.252057647873	0.214285714286	0.410325903324
cctgccc	-3.65	0.0559818426719	0.0681818181818	0.252057647873	0.214285714286	0.410325903324
gcataact	-3.65	0.0559818426719	0.0681818181818	0.252057647873	0.214285714286	0.410325903324
taaagac	-3.65	0.0561348329633	0.113636363636	0.317369091904	0.285714285714	0.451753951453
tgcatac	-3.65	0.0561348329633	0.113636363636	0.317369091904	0.285714285714	0.451753951453
agggccc	3.64	0.0565693533612	0.431818181818	0.495329425402	0.228571428571	0.419912527334
tcccccgg	3.63	0.0568398883929	0.659090909091	0.474014854878	0.4	0.489897948557
caaacct	-3.63	0.0568398883929	0.340909090909	0.474014854878	0.6	0.489897948557
gaacac	3.62	0.0570398742491	0.75	0.433012701892	0.471428571429	0.49918300599
cgctttaa	3.62	0.0572048666322	0.0909090909091	0.287479787288	0.0142857142857	0.118666055185
agttggtttt	3.62	0.0572048666322	0.0909090909091	0.287479787288	0.0142857142857	0.118666055185
ttaaataa	3.62	0.0572048666322	0.0909090909091	0.287479787288	0.0142857142857	0.118666055185
cgcttctt	3.62	0.0572048666322	0.0909090909091	0.287479787288	0.0142857142857	0.118666055185
gacgctaa	3.62	0.0572048666322	0.0909090909091	0.287479787288	0.0142857142857	0.118666055185
atttat	3.62	0.0572048666322	0.0909090909091	0.287479787288	0.0142857142857	0.118666055185
caagccgaa	3.62	0.0572048666322	0.0909090909091	0.287479787288	0.0142857142857	0.118666055185
tcaaggat	3.62	0.0572048666322	0.0909090909091	0.287479787288	0.0142857142857	0.118666055185
cggaagac	3.62	0.0572048666322	0.0909090909091	0.287479787288	0.0142857142857	0.118666055185
aacctcgc	3.62	0.0572048666322	0.0909090909091	0.287479787288	0.0142857142857	0.118666055185
acccctgg	3.62	0.0572048666322	0.0909090909091	0.287479787288	0.0142857142857	0.118666055185
ggctagaa	3.62	0.0572048666322	0.0909090909091	0.287479787288	0.0142857142857	0.118666055185
ggtttgc	3.62	0.0572048666322	0.0909090909091	0.287479787288	0.0142857142857	0.118666055185
cggatt	3.62	0.0572048666322	0.0909090909091	0.287479787288	0.0142857142857	0.118666055185
tcgagagt	3.62	0.0572048666322	0.0909090909091	0.287479787288	0.0142857142857	0.118666055185
atggtac	3.62	0.0572048666322	0.0909090909091	0.287479787288	0.0142857142857	0.118666055185
ggtgtagt	3.62	0.0572048666322	0.0909090909091	0.287479787288	0.0142857142857	0.118666055185
gggaaacctt	3.62	0.0572048666322	0.0909090909091	0.287479787288	0.0142857142857	0.118666055185
gaggctt	3.62	0.0572048666322	0.0909090909091	0.287479787288	0.0142857142857	0.118666055185
gctaatct	3.62	0.0572048666322	0.0909090909091	0.287479787288	0.0142857142857	0.118666055185
tccttgaa	3.62	0.0572048666322	0.0909090909091	0.287479787288	0.0142857142857	0.118666055185
agctaatctt	3.62	0.0572048666322	0.0909090909091	0.287479787288	0.0142857142857	0.118666055185
agtaacgaa	3.62	0.0572048666322	0.0909090909091	0.287479787288	0.0142857142857	0.118666055185
ttaacttcgg	3.62	0.0572048666322	0.0909090909091	0.287479787288	0.0142857142857	0.118666055185
ggtgggac	3.62	0.0572048666322	0.0909090909091	0.287479787288	0.0142857142857	0.118666055185
ctgggat	3.62	0.0572048666322	0.0909090909091	0.287479787288	0.0142857142857	0.118666055185
aggtgagg	3.62	0.0572048666322	0.0909090909091	0.287479787288	0.0142857142857	0.118666055185
gctgtgaa	3.62	0.0572048666322	0.0909090909091	0.287479787288	0.0142857142857	0.118666055185
gagcctt	3.62	0.0572048666322	0.0909090909091	0.287479787288	0.0142857142857	0.118666055185
aacggcgc	3.62	0.0572048666322	0.0909090909091	0.287479787288	0.0142857142857	0.118666055185
ttcggtcac	3.62	0.0572048666322	0.0909090909091	0.287479787288	0.0142857142857	0.118666055185
ggcctgt	-3.58	0.058317415739	0.386363636364	0.486915574673	0.657142857143	0.474664220738
gcaatcc	-3.57	0.0587984401682	0.409090909091	0.491666083018	0.685714285714	0.464230765979
atgtgaa	-3.56	0.0593000187122	0.522727272727	0.499483203996	0.828571428571	0.376883027379
ccctcgg	-3.56	0.0593361198809	0.454545454545	0.497929597732	0.742857142857	0.437058815451
caaaaagt	3.54	0.0598364256766	0.409090909091	0.491666083018	0.214285714286	0.410325903324
ccggaaagg	3.54	0.0598364256766	0.409090909091	0.491666083018	0.214285714286	0.410325903324
cagagat	3.54	0.0598364256766	0.409090909091	0.491666083018	0.214285714286	0.410325903324
aagctgg	3.52	0.0606981361987	0.636363636364	0.481045692921	0.385714285714	0.486763572497
attatct	-3.49	0.0616878025433	0.227272727273	0.419070202604	0.442857142857	0.496723961449
gctatct	-3.49	0.0616878025433	0.227272727273	0.419070202604	0.442857142857	0.496723961449
cgcactt	-3.49	0.0616928610873	0.0454545454545	0.208298895225	0.171428571429	0.376883027379
gacgccgc	-3.49	0.0616928610873	0.0454545454545	0.208298895225	0.171428571429	0.376883027379
gaaagctt	-3.48	0.0620326222945	0.136363636364	0.343174292512	0.314285714286	0.464230765979
tactgaa	-3.48	0.0620326222945	0.136363636364	0.343174292512	0.314285714286	0.464230765979
tctgagg	-3.45	0.063231893332	0.0227272727273	0.149032693734	0.128571428571	0.33472498611
ccttttct	-3.45	0.063231893332	0.0227272727273	0.149032693734	0.128571428571	0.33472498611
aatgctgt	-3.45	0.063231893332	0.0227272727273	0.149032693734	0.128571428571	0.33472498611
agtctgt	-3.45	0.063231893332	0.0227272727273	0.149032693734	0.128571428571	0.33472498611
gcttgaa	-3.45	0.063231893332	0.0227272727273	0.149032693734	0.128571428571	0.33472498611
tgtgtgt	-3.45	0.063231893332	0.0227272727273	0.149032693734	0.128571428571	0.33472498611
aaccgcat	-3.45	0.063231893332	0.0227272727273	0.149032693734	0.128571428571	0.33472498611
catgcac	-3.45	0.063231893332	0.0227272727273	0.149032693734	0.128571428571	0.33472498611
agttct	-3.43	0.0639390893075	0.25	0.433012701892	0.471428571429	0.49918300599
tcaaatcc	-3.43	0.0639390893075	0.25	0.433012701892	0.471428571429	0.49918300599
ttgtcc	3.41	0.0648343057952	0.613636363636	0.486915574673	0.371428571429	0.483186700723
gattac	3.41	0.0648343057952	0.613636363636	0.486915574673	0.371428571429	0.483186700723
cagctgt	-3.39	0.0657414786897	0.0909090909091	0.287479787288	0.242857142857	0.428809457709
taactgg	-3.39	0.0657414786897	0.0909090909091	0.287479787288	0.242857142857	0.428809457709
gactgccc	-3.38	0.0657956529079	0.272727272727	0.445361771415	0.5	0.5
cctgttaa	-3.38	0.0657956529079	0.272727272727	0.445361771415	0.5	0.5
gtcctcat	3.37	0.0665007666246	0.5	0.5	0.285714285714	0.451753951453
aggcctt	3.36	0.0667123881272	0.363636363636	0.481045692921	0.185714285714	0.388875931109
atgtc	3.36	0.0667123881272	0.363636363636	0.481045692921	0.185714285714	0.388875931109
gccttgc	3.36	0.0667123881272	0.363636363636	0.481045692921	0.185714285714	0.388875931109
tttcaa	3.36	0.0667123881272	0.363636363636	0.481045692921	0.185714285714	0.388875931109
cttcgagg	3.36	0.0667123881272	0.363636363636	0.481045692921	0.185714285714	0.388875931109
ttgtaa	-3.36	0.0669924315091	0.159090909091	0.365760839533	0.342857142857	0.474664220738
aagtagc	-3.36	0.0669924315091	0.159090909091	0.365760839533	0.342857142857	0.474664220738
aactgaa	-3.35	0.0673047732712	0.295454545455	0.456246815906	0.528571428571	0.49918300599
tctttcgt	-3.32	0.0684205589198	0.613636363636	0.486915574673	0.928571428571	0.257539376819
cagttgt	3.32	0.0684352474761	0.772727272727	0.419070202604	0.5	0.5
gcactcc	3.32	0.0684352474761	0.772727272727	0.419070202604	0.5	0.5
gcagac	3.3	0.0692702178979	0.590909090909	0.491666083018	0.357142857143	0.47915742375
ttaccagt	3.3	0.0692702178979	0.590909090909	0.491666083018	0.357142857143	0.47915742375
aacttagc	-3.3	0.069443434146	0.340909090909	0.474014854878	0.585714285714	0.492598275702
gtcaagaa	3.29	0.0696093645395	0.681818181818	0.465770489362	0.428571428571	0.494871659305
aagtgat	3.28	0.0702733702673	0.340909090909	0.474014854878	0.171428571429	0.376883027379
tgggat	3.28	0.0702733702673	0.340909090909	0.474014854878	0.171428571429	0.376883027379
aggattcc	3.28	0.0702733702673	0.340909090909	0.474014854878	0.171428571429	0.376883027379
caagattt	3.28	0.0702733702673	0.340909090909	0.474014854878	0.171428571429	0.376883027379
gtcactgg	3.28	0.0702733702673	0.340909090909	0.474014854878	0.171428571429	0.376883027379
actgtcc	3.28	0.0702733702673	0.340909090909	0.474014854878	0.171428571429	0.376883027379
ttatgc	-3.27	0.0706340652733	0.386363636364	0.486915574673	0.642857142857	0.47915742375
gatgat	-3.27	0.0707598148031	0.5	0.5	0.785714285714	0.410325903324
cctggtgg	3.26	0.0708459138812	0.840909090909	0.365760839533	0.557142857143	0.496723961449
taatcagt	3.26	0.0708459138812	0.840909090909	0.365760839533	0.557142857143	0.496723961449
ccaagt	3.26	0.0708459138812	0.840909090909	0.365760839533	0.557142857143	0.496723961449
aacgttt	3.26	0.0708753734886	0.477272727273	0.499483203996	0.271428571429	0.444696640465
agtctttt	3.26	0.0708753734886	0.477272727273	0.499483203996	0.271428571429	0.444696640465
taatagt	-3.26	0.0710922260876	0.431818181818	0.495329425402	0.7	0.458257569496
caatgac	-3.26	0.0711261864182	0.181818181818	0.38569460792	0.371428571429	0.483186700723
agaagagc	-3.26	0.0711261864182	0.181818181818	0.38569460792	0.371428571429	0.483186700723
tcatcgg	-3.2	0.0738505712555	0.113636363636	0.317369091904	0.271428571429	0.444696640465
gtcacac	-3.2	0.0738505712555	0.113636363636	0.317369091904	0.271428571429	0.444696640465
aattgc	-3.2	0.0738505712555	0.113636363636	0.317369091904	0.271428571429	0.444696640465
tcttttaa	3.2	0.0738631835304	0.318181818182	0.465770489362	0.157142857143	0.363935405796
gagggggac	3.2	0.0738631835304	0.318181818182	0.465770489362	0.157142857143	0.363935405796
gtcacgc	3.19	0.0740296159902	0.568181818182	0.495329425402	0.342857142857	0.474664220738
ccggctt	3.19	0.0740296159902	0.568181818182	0.495329425402	0.342857142857	0.474664220738
gtgaagc	3.18	0.0743689000995	0.113636363636	0.317369091904	0.0285714285714	0.166598625567
tgtggtaa	3.18	0.0743689000995	0.113636363636	0.317369091904	0.0285714285714	0.166598625567
agcaat	3.18	0.0743689000995	0.113636363636	0.317369091904	0.0285714285714	0.166598625567
cagccaa	3.18	0.0743689000995	0.113636363636	0.317369091904	0.0285714285714	0.166598625567
gtggtagg	3.18	0.0743689000995	0.113636363636	0.317369091904	0.0285714285714	0.166598625567
cctaacac	3.18	0.0743689000995	0.113636363636	0.317369091904	0.0285714285714	0.166598625567
agacttcgg	3.18	0.0743689000995	0.113636363636	0.317369091904	0.0285714285714	0.166598625567
gcttttgt	3.18	0.0743689000995	0.113636363636	0.317369091904	0.0285714285714	0.166598625567
cggcccgc	3.18	0.0743689000995	0.113636363636	0.317369091904	0.0285714285714	0.166598625567
ctcagagg	3.18	0.0743689000995	0.113636363636	0.317369091904	0.0285714285714	0.166598625567
ggtattcgt	3.18	0.0743689000995	0.113636363636	0.317369091904	0.0285714285714	0.166598625567
ccgtgtgc	3.18	0.0743689000995	0.113636363636	0.317369091904	0.0285714285714	0.166598625567
tactagaa	3.18	0.0743689000995	0.113636363636	0.317369091904	0.0285714285714	0.166598625567
caagtcaa	3.18	0.0743689000995	0.113636363636	0.317369091904	0.0285714285714	0.166598625567
ctgtaaac	3.18	0.0743689000995	0.113636363636	0.317369091904	0.0285714285714	0.166598625567
gcttttct	3.18	0.0743689000995	0.113636363636	0.317369091904	0.0285714285714	0.166598625567
caggaacac	3.18	0.0743689000995	0.113636363636	0.317369091904	0.0285714285714	0.166598625567
atggagc	3.18	0.0743689000995	0.113636363636	0.317369091904	0.0285714285714	0.166598625567
cgagcgat	3.18	0.0743689000995	0.113636363636	0.317369091904	0.0285714285714	0.166598625567
gtggtgc	3.18	0.0743689000995	0.113636363636	0.317369091904	0.0285714285714	0.166598625567
tggttgt	3.18	0.0743689000995	0.113636363636	0.317369091904	0.0285714285714	0.166598625567
gtcttgac	3.18	0.0743689000995	0.113636363636	0.317369091904	0.0285714285714	0.166598625567
gtgagccac	3.18	0.0744618314174	0.0454545454545	0.208298895225	0.0	0.0
gctagagat	3.18	0.0744618314174	0.0454545454545	0.208298895225	0.0	0.0
ctggcctt	3.18	0.0744618314174	0.0454545454545	0.208298895225	0.0	0.0
aaagggtcgc	3.18	0.0744618314174	0.0454545454545	0.208298895225	0.0	0.0
caaggcgacgac	3.18	0.0744618314174	0.0454545454545	0.208298895225	0.0	0.0
gatccat	3.18	0.0744618314174	0.0454545454545	0.208298895225	0.0	0.0
gggggagc	3.18	0.0744618314174	0.0454545454545	0.208298895225	0.0	0.0
acgccctaa	3.18	0.0744618314174	0.0454545454545	0.208298895225	0.0	0.0
aggtgtagc	3.18	0.0744618314174	0.0454545454545	0.208298895225	0.0	0.0
ttgccagc	3.18	0.0744618314174	0.0454545454545	0.208298895225	0.0	0.0
atgttcgg	3.18	0.0744618314174	0.0454545454545	0.208298895225	0.0	0.0
tgttttac	3.18	0.0744618314174	0.0454545454545	0.208298895225	0.0	0.0
agttgttgg	3.18	0.0744618314174	0.0454545454545	0.208298895225	0.0	0.0
ggtctcgc	3.18	0.0744618314174	0.0454545454545	0.208298895225	0.0	0.0
gacgaataa	3.18	0.0744618314174	0.0454545454545	0.208298895225	0.0	0.0
gtctactagc	3.18	0.0744618314174	0.0454545454545	0.208298895225	0.0	0.0
gcg	3.18	0.0744618314174	0.0454545454545	0.208298895225	0.0	0.0
agtaatgc	3.18	0.0744618314174	0.0454545454545	0.208298895225	0.0	0.0
gggctcaacc	3.18	0.0744618314174	0.0454545454545	0.208298895225	0.0	0.0
tggggact	3.18	0.0744618314174	0.0454545454545	0.208298895225	0.0	0.0
ggatttcgg	3.18	0.0744618314174	0.0454545454545	0.208298895225	0.0	0.0
ataacagg	3.18	0.0744618314174	0.0454545454545	0.208298895225	0.0	0.0
ccttggaact	3.18	0.0744618314174	0.0454545454545	0.208298895225	0.0	0.0
ggaatttcc	3.18	0.0744618314174	0.0454545454545	0.208298895225	0.0	0.0
gaagcagt	3.18	0.0744618314174	0.0454545454545	0.208298895225	0.0	0.0
gaagaacac	3.18	0.0744618314174	0.0454545454545	0.208298895225	0.0	0.0
ggctaaat	3.18	0.0744618314174	0.0454545454545	0.208298895225	0.0	0.0
cggccgcct	3.18	0.0744618314174	0.0454545454545	0.208298895225	0.0	0.0
gaaaaaccttac	3.18	0.0744618314174	0.0454545454545	0.208298895225	0.0	0.0
gagaccgccgg	3.18	0.0744618314174	0.0454545454545	0.208298895225	0.0	0.0
gggaaacct	3.18	0.0744618314174	0.0454545454545	0.208298895225	0.0	0.0
caagtctgc	3.18	0.0744618314174	0.0454545454545	0.208298895225	0.0	0.0
gttacaagt	3.18	0.0744618314174	0.0454545454545	0.208298895225	0.0	0.0
cgaaaggcgaa	3.18	0.0744618314174	0.0454545454545	0.208298895225	0.0	0.0
gggaaacctac	3.18	0.0744618314174	0.0454545454545	0.208298895225	0.0	0.0
ggacctcac	3.18	0.0744618314174	0.0454545454545	0.208298895225	0.0	0.0
atgtttaa	3.18	0.0744618314174	0.0454545454545	0.208298895225	0.0	0.0
cacccgagt	3.18	0.0744618314174	0.0454545454545	0.208298895225	0.0	0.0
ttgagac	3.18	0.0744618314174	0.0454545454545	0.208298895225	0.0	0.0
gtcttgcac	3.18	0.0744618314174	0.0454545454545	0.208298895225	0.0	0.0
gtgagagt	3.18	0.0744618314174	0.0454545454545	0.208298895225	0.0	0.0
ggaggaaagc	3.18	0.0744618314174	0.0454545454545	0.208298895225	0.0	0.0
cgcgaaagg	3.18	0.0744618314174	0.0454545454545	0.208298895225	0.0	0.0
tggatgt	3.18	0.0744618314174	0.0454545454545	0.208298895225	0.0	0.0
gccaagac	3.18	0.0744618314174	0.0454545454545	0.208298895225	0.0	0.0
cgcctgg	3.18	0.0744618314174	0.0454545454545	0.208298895225	0.0	0.0
ggacctat	3.18	0.0744618314174	0.0454545454545	0.208298895225	0.0	0.0
cagtccggat	3.18	0.0744618314174	0.0454545454545	0.208298895225	0.0	0.0
tggatgg	3.18	0.0744618314174	0.0454545454545	0.208298895225	0.0	0.0
aaccgggacgaa	3.18	0.0744618314174	0.0454545454545	0.208298895225	0.0	0.0
gcatgctt	3.18	0.0744618314174	0.0454545454545	0.208298895225	0.0	0.0
cgaaaggcgg	3.18	0.0744618314174	0.0454545454545	0.208298895225	0.0	0.0
gggtgagg	3.18	0.0744618314174	0.0454545454545	0.208298895225	0.0	0.0
catatgat	3.18	0.0744618314174	0.0454545454545	0.208298895225	0.0	0.0
gtcaggagt	3.18	0.0744618314174	0.0454545454545	0.208298895225	0.0	0.0
agagggt	3.18	0.0744618314174	0.0454545454545	0.208298895225	0.0	0.0
aaagggagg	3.18	0.0744618314174	0.0454545454545	0.208298895225	0.0	0.0
ttcccttcgg	3.18	0.0744618314174	0.0454545454545	0.208298895225	0.0	0.0
ggcgaaagc	3.18	0.0744618314174	0.0454545454545	0.208298895225	0.0	0.0
gaggtgac	3.18	0.0744618314174	0.0454545454545	0.208298895225	0.0	0.0
ggataactt	3.18	0.0744618314174	0.0454545454545	0.208298895225	0.0	0.0
cgctgagg	3.18	0.0744618314174	0.0454545454545	0.208298895225	0.0	0.0
acctgcct	3.18	0.0744618314174	0.0454545454545	0.208298895225	0.0	0.0
acccgaagc	3.18	0.0744618314174	0.0454545454545	0.208298895225	0.0	0.0
gaacctat	3.18	0.0744618314174	0.0454545454545	0.208298895225	0.0	0.0
aatccgagt	3.18	0.0744618314174	0.0454545454545	0.208298895225	0.0	0.0
gagattgt	3.18	0.0744618314174	0.0454545454545	0.208298895225	0.0	0.0
gagcggcc	3.18	0.0744618314174	0.0454545454545	0.208298895225	0.0	0.0
cggatgaa	3.18	0.0744618314174	0.0454545454545	0.208298895225	0.0	0.0
gagcttac	3.18	0.0744618314174	0.0454545454545	0.208298895225	0.0	0.0
gtgcgat	3.18	0.0744618314174	0.0454545454545	0.208298895225	0.0	0.0
gggtttcctt	3.18	0.0744618314174	0.0454545454545	0.208298895225	0.0	0.0
gtcgtgcgt	3.18	0.0744618314174	0.0454545454545	0.208298895225	0.0	0.0
gggcaacc	3.18	0.0744618314174	0.0454545454545	0.208298895225	0.0	0.0
agagatagt	3.18	0.0744618314174	0.0454545454545	0.208298895225	0.0	0.0
tcagattgc	3.18	0.0744618314174	0.0454545454545	0.208298895225	0.0	0.0
ctccagaa	3.18	0.0744618314174	0.0454545454545	0.208298895225	0.0	0.0
tgtgccgc	3.18	0.0744618314174	0.0454545454545	0.208298895225	0.0	0.0
tgaagtct	3.18	0.0744618314174	0.0454545454545	0.208298895225	0.0	0.0
gtccgctgt	3.18	0.0744618314174	0.0454545454545	0.208298895225	0.0	0.0
tcagggat	3.18	0.0744618314174	0.0454545454545	0.208298895225	0.0	0.0
gtctgtcgg	3.18	0.0744618314174	0.0454545454545	0.208298895225	0.0	0.0
cttgacatgt	3.18	0.0744618314174	0.0454545454545	0.208298895225	0.0	0.0
cttgctgg	3.18	0.0744618314174	0.0454545454545	0.208298895225	0.0	0.0
tctaggttcc	3.18	0.0744618314174	0.0454545454545	0.208298895225	0.0	0.0
cggctgac	3.18	0.0744618314174	0.0454545454545	0.208298895225	0.0	0.0
cgccgaaagg	3.18	0.0744618314174	0.0454545454545	0.208298895225	0.0	0.0
gcctaaggt	3.18	0.0744618314174	0.0454545454545	0.208298895225	0.0	0.0
gatctcgc	3.18	0.0744618314174	0.0454545454545	0.208298895225	0.0	0.0
ctctttcagc	3.18	0.0744618314174	0.0454545454545	0.208298895225	0.0	0.0
gtggtagc	3.18	0.0744618314174	0.0454545454545	0.208298895225	0.0	0.0
gacggtgagg	3.18	0.0744618314174	0.0454545454545	0.208298895225	0.0	0.0
tgaaaacc	3.18	0.0744618314174	0.0454545454545	0.208298895225	0.0	0.0
cctttcgagg	3.18	0.0744618314174	0.0454545454545	0.208298895225	0.0	0.0
cgcctaaggt	3.18	0.0744618314174	0.0454545454545	0.208298895225	0.0	0.0
tgtgcct	3.18	0.0744618314174	0.0454545454545	0.208298895225	0.0	0.0
cctccgggat	3.18	0.0744618314174	0.0454545454545	0.208298895225	0.0	0.0
aatctacctt	3.18	0.0744618314174	0.0454545454545	0.208298895225	0.0	0.0
gagttagc	3.18	0.0744618314174	0.0454545454545	0.208298895225	0.0	0.0
agcttaact	3.18	0.0744618314174	0.0454545454545	0.208298895225	0.0	0.0
agaggaaagc	3.18	0.0744618314174	0.0454545454545	0.208298895225	0.0	0.0
tgacgctt	3.18	0.0744618314174	0.0454545454545	0.208298895225	0.0	0.0
aataccccat	3.18	0.0744618314174	0.0454545454545	0.208298895225	0.0	0.0
cgacctgccc	3.18	0.0744618314174	0.0454545454545	0.208298895225	0.0	0.0
ctggaccc	3.18	0.0744618314174	0.0454545454545	0.208298895225	0.0	0.0
ggcctgat	3.18	0.0744618314174	0.0454545454545	0.208298895225	0.0	0.0
cagcccgc	3.18	0.0744618314174	0.0454545454545	0.208298895225	0.0	0.0
acagagac	3.18	0.0744618314174	0.0454545454545	0.208298895225	0.0	0.0
aagaatac	3.18	0.0744618314174	0.0454545454545	0.208298895225	0.0	0.0
gtggcat	3.18	0.0744618314174	0.0454545454545	0.208298895225	0.0	0.0
aacgggat	3.18	0.0744618314174	0.0454545454545	0.208298895225	0.0	0.0
caacgccgg	3.18	0.0744618314174	0.0454545454545	0.208298895225	0.0	0.0
gagtgat	3.18	0.0744618314174	0.0454545454545	0.208298895225	0.0	0.0
tcagtgac	3.18	0.0744618314174	0.0454545454545	0.208298895225	0.0	0.0
atatcagaa	3.18	0.0744618314174	0.0454545454545	0.208298895225	0.0	0.0
aaaagtcgg	3.18	0.0744618314174	0.0454545454545	0.208298895225	0.0	0.0
attggagt	3.18	0.0744618314174	0.0454545454545	0.208298895225	0.0	0.0
gttaaatctt	3.18	0.0744618314174	0.0454545454545	0.208298895225	0.0	0.0
atgtaaat	3.18	0.0744618314174	0.0454545454545	0.208298895225	0.0	0.0
aaagaacac	3.18	0.0744618314174	0.0454545454545	0.208298895225	0.0	0.0
cctgcat	3.18	0.0744618314174	0.0454545454545	0.208298895225	0.0	0.0
cgggagac	3.18	0.0744618314174	0.0454545454545	0.208298895225	0.0	0.0
gatccgg	3.18	0.0744618314174	0.0454545454545	0.208298895225	0.0	0.0
tgggacgaa	3.18	0.0744618314174	0.0454545454545	0.208298895225	0.0	0.0
gctgtgccgt	3.18	0.0744618314174	0.0454545454545	0.208298895225	0.0	0.0
gaagtagagg	3.18	0.0744618314174	0.0454545454545	0.208298895225	0.0	0.0
aatggcgc	3.18	0.0744618314174	0.0454545454545	0.208298895225	0.0	0.0
gtcggtagc	3.18	0.0744618314174	0.0454545454545	0.208298895225	0.0	0.0
cgtaaacgttgg	3.18	0.0744618314174	0.0454545454545	0.208298895225	0.0	0.0
gaataatct	3.18	0.0744618314174	0.0454545454545	0.208298895225	0.0	0.0
cttagac	-3.18	0.074540246289	0.204545454545	0.40336907612	0.4	0.489897948557
tctcccgg	3.16	0.0755352599467	0.454545454545	0.497929597732	0.257142857143	0.437058815451
atcagat	3.16	0.0756913543636	0.818181818182	0.38569460792	0.542857142857	0.498159879262
tgacatcc	-3.15	0.0760141065194	0.0681818181818	0.252057647873	0.2	0.4
gacgtaacc	-3.15	0.0760141065194	0.0681818181818	0.252057647873	0.2	0.4
tgtaacgg	-3.14	0.0762601094833	0.0	0.0	0.0714285714286	0.257539376819
gaaaccgc	-3.14	0.0762601094833	0.0	0.0	0.0714285714286	0.257539376819
gactgccgg	-3.14	0.0762601094833	0.0	0.0	0.0714285714286	0.257539376819
tggcccaa	-3.14	0.0762601094833	0.0	0.0	0.0714285714286	0.257539376819
aggatgc	-3.14	0.0762601094833	0.0	0.0	0.0714285714286	0.257539376819
tgcatgat	-3.14	0.0762601094833	0.0	0.0	0.0714285714286	0.257539376819
agagatgctt	-3.14	0.0762601094833	0.0	0.0	0.0714285714286	0.257539376819
tcattgcgaa	-3.14	0.0762601094833	0.0	0.0	0.0714285714286	0.257539376819
atctcgg	-3.14	0.0762601094833	0.0	0.0	0.0714285714286	0.257539376819
tagcagg	-3.14	0.0762601094833	0.0	0.0	0.0714285714286	0.257539376819
atctgccc	-3.14	0.0762601094833	0.0	0.0	0.0714285714286	0.257539376819
agaatcc	-3.14	0.0762601094833	0.0	0.0	0.0714285714286	0.257539376819
ttcatagc	-3.14	0.0762601094833	0.0	0.0	0.0714285714286	0.257539376819
tctgggg	-3.14	0.0762601094833	0.0	0.0	0.0714285714286	0.257539376819
cgtggtaa	-3.14	0.0762601094833	0.0	0.0	0.0714285714286	0.257539376819
ggggatgg	-3.14	0.0762601094833	0.0	0.0	0.0714285714286	0.257539376819
ggggcgaa	-3.14	0.0762601094833	0.0	0.0	0.0714285714286	0.257539376819
cactacgg	-3.14	0.0762601094833	0.0	0.0	0.0714285714286	0.257539376819
aggcggcc	-3.14	0.0762601094833	0.0	0.0	0.0714285714286	0.257539376819
tggttgggt	-3.14	0.0762601094833	0.0	0.0	0.0714285714286	0.257539376819
acaatgg	-3.14	0.0762601094833	0.0	0.0	0.0714285714286	0.257539376819
attaatac	-3.14	0.0762601094833	0.0	0.0	0.0714285714286	0.257539376819
attattaa	-3.14	0.0762601094833	0.0	0.0	0.0714285714286	0.257539376819
gccggcac	-3.14	0.0762601094833	0.0	0.0	0.0714285714286	0.257539376819
cttaaaact	-3.14	0.0762601094833	0.0	0.0	0.0714285714286	0.257539376819
tatggct	-3.14	0.0762601094833	0.0	0.0	0.0714285714286	0.257539376819
cacgaagaa	-3.14	0.0762601094833	0.0	0.0	0.0714285714286	0.257539376819
aggtcagg	-3.14	0.0762601094833	0.0	0.0	0.0714285714286	0.257539376819
acgcgccgc	-3.14	0.0762601094833	0.0	0.0	0.0714285714286	0.257539376819
gtgctgg	-3.14	0.0762601094833	0.0	0.0	0.0714285714286	0.257539376819
agccagc	-3.14	0.0762601094833	0.0	0.0	0.0714285714286	0.257539376819
aacgctagc	-3.14	0.0762601094833	0.0	0.0	0.0714285714286	0.257539376819
gagactgg	-3.14	0.0762601094833	0.0	0.0	0.0714285714286	0.257539376819
gtgtgtct	-3.14	0.0762601094833	0.0	0.0	0.0714285714286	0.257539376819
cacctggt	-3.14	0.0762601094833	0.0	0.0	0.0714285714286	0.257539376819
cgaagactgg	-3.12	0.0773306201539	0.227272727273	0.419070202604	0.428571428571	0.494871659305
aattcggtt	3.12	0.0774177614631	0.295454545455	0.456246815906	0.142857142857	0.349927106112
ttagac	3.12	0.0774177614631	0.295454545455	0.456246815906	0.142857142857	0.349927106112
ttaccctt	3.08	0.0791383580037	0.545454545455	0.497929597732	0.328571428571	0.469693777794
agaaat	3.08	0.0791383580037	0.545454545455	0.497929597732	0.328571428571	0.469693777794
gctaagt	-3.07	0.0795817933496	0.25	0.433012701892	0.457142857143	0.498159879262
aaacgac	3.07	0.0796158014601	0.636363636364	0.481045692921	0.4	0.489897948557
tacagat	3.05	0.0804954300479	0.431818181818	0.495329425402	0.242857142857	0.428809457709
cgacagaa	3.05	0.0804954300479	0.431818181818	0.495329425402	0.242857142857	0.428809457709
ggctctt	-3.05	0.0805115199405	0.136363636364	0.343174292512	0.3	0.458257569496
ctgtctt	-3.05	0.0805115199405	0.136363636364	0.343174292512	0.3	0.458257569496
catatgaa	3.05	0.080843282589	0.272727272727	0.445361771415	0.128571428571	0.33472498611
cgcaagc	3.05	0.080843282589	0.272727272727	0.445361771415	0.128571428571	0.33472498611
cataccgc	3.05	0.080843282589	0.272727272727	0.445361771415	0.128571428571	0.33472498611
cgtgggt	3.05	0.080843282589	0.272727272727	0.445361771415	0.128571428571	0.33472498611
agctaacgc	3.05	0.080843282589	0.272727272727	0.445361771415	0.128571428571	0.33472498611
cttatcgat	3.05	0.080843282589	0.272727272727	0.445361771415	0.128571428571	0.33472498611
gagccgg	3.05	0.080843282589	0.272727272727	0.445361771415	0.128571428571	0.33472498611
aggaacac	3.05	0.080843282589	0.272727272727	0.445361771415	0.128571428571	0.33472498611
cggttcac	3.05	0.080843282589	0.272727272727	0.445361771415	0.128571428571	0.33472498611
gtcctct	3.05	0.0808906324316	0.795454545455	0.40336907612	0.528571428571	0.49918300599
gcattgt	2.99	0.0836660272601	0.136363636364	0.343174292512	0.0428571428571	0.202534955411
gaggtagt	2.99	0.0836660272601	0.136363636364	0.343174292512	0.0428571428571	0.202534955411
cacaaagc	2.99	0.0836660272601	0.136363636364	0.343174292512	0.0428571428571	0.202534955411
aaccgggc	2.99	0.0836660272601	0.136363636364	0.343174292512	0.0428571428571	0.202534955411
cagacac	2.99	0.0836660272601	0.136363636364	0.343174292512	0.0428571428571	0.202534955411
agagagg	2.99	0.0836660272601	0.136363636364	0.343174292512	0.0428571428571	0.202534955411
cagctcaa	2.99	0.0836660272601	0.136363636364	0.343174292512	0.0428571428571	0.202534955411
acaatac	2.99	0.0836660272601	0.136363636364	0.343174292512	0.0428571428571	0.202534955411
aaatcgg	2.99	0.0836660272601	0.136363636364	0.343174292512	0.0428571428571	0.202534955411
gaaagctcc	2.99	0.0836660272601	0.136363636364	0.343174292512	0.0428571428571	0.202534955411
ctcgccgc	2.99	0.0836660272601	0.136363636364	0.343174292512	0.0428571428571	0.202534955411
cggtaatcc	2.99	0.0836660272601	0.136363636364	0.343174292512	0.0428571428571	0.202534955411
tagtgtaa	2.99	0.0836660272601	0.136363636364	0.343174292512	0.0428571428571	0.202534955411
atcggaaac	2.99	0.0836660272601	0.136363636364	0.343174292512	0.0428571428571	0.202534955411
gaagttcgt	2.99	0.0836660272601	0.136363636364	0.343174292512	0.0428571428571	0.202534955411
atgggac	2.99	0.0836660272601	0.136363636364	0.343174292512	0.0428571428571	0.202534955411
acggaccac	2.99	0.0836660272601	0.136363636364	0.343174292512	0.0428571428571	0.202534955411
ataccgc	2.99	0.0836660272601	0.136363636364	0.343174292512	0.0428571428571	0.202534955411
gtggagt	2.99	0.0836660272601	0.136363636364	0.343174292512	0.0428571428571	0.202534955411
gtctat	2.99	0.0836660272601	0.136363636364	0.343174292512	0.0428571428571	0.202534955411
tgtcgggt	2.99	0.0836660272601	0.136363636364	0.343174292512	0.0428571428571	0.202534955411
attgtcgt	2.99	0.0840022173889	0.25	0.433012701892	0.114285714286	0.31815796359
tttgcat	2.99	0.0840022173889	0.25	0.433012701892	0.114285714286	0.31815796359
cgctcat	2.99	0.0840022173889	0.25	0.433012701892	0.114285714286	0.31815796359
cagttt	-2.98	0.0845078492029	0.477272727273	0.499483203996	0.742857142857	0.437058815451
tgtcgaa	2.97	0.0846246278521	0.522727272727	0.499483203996	0.314285714286	0.464230765979
ttcggtcc	2.97	0.0846246278521	0.522727272727	0.499483203996	0.314285714286	0.464230765979
taggtat	2.97	0.0846246278521	0.522727272727	0.499483203996	0.314285714286	0.464230765979
atgcctt	2.96	0.0851904294851	0.613636363636	0.486915574673	0.385714285714	0.486763572497
cggccttagc	-2.96	0.0852381099536	0.386363636364	0.486915574673	0.628571428571	0.483186700723
gcgcgagc	-2.96	0.0855887655228	0.0454545454545	0.208298895225	0.157142857143	0.363935405796
gaaactat	-2.96	0.0855887655228	0.0454545454545	0.208298895225	0.157142857143	0.363935405796
atatgaa	-2.96	0.0855887655228	0.0454545454545	0.208298895225	0.157142857143	0.363935405796
tatgctgg	-2.96	0.0855887655228	0.0454545454545	0.208298895225	0.157142857143	0.363935405796
attcgtaa	-2.96	0.0855887655228	0.0454545454545	0.208298895225	0.157142857143	0.363935405796
gacatccac	-2.96	0.0855887655228	0.0454545454545	0.208298895225	0.157142857143	0.363935405796
gtaggggcc	-2.96	0.0855887655228	0.0454545454545	0.208298895225	0.157142857143	0.363935405796
gataacac	-2.96	0.0855887655228	0.0454545454545	0.208298895225	0.157142857143	0.363935405796
aaagagaa	-2.96	0.0855887655228	0.0454545454545	0.208298895225	0.157142857143	0.363935405796
agtttgc	-2.96	0.0855887655228	0.0454545454545	0.208298895225	0.157142857143	0.363935405796
gttaatac	2.95	0.0857700535544	0.409090909091	0.491666083018	0.228571428571	0.419912527334
ttcgggt	2.95	0.0857700535544	0.409090909091	0.491666083018	0.228571428571	0.419912527334
acgactt	2.95	0.0857700535544	0.409090909091	0.491666083018	0.228571428571	0.419912527334
atccctt	2.95	0.0857700535544	0.409090909091	0.491666083018	0.228571428571	0.419912527334
ggcatctt	2.95	0.0857700535544	0.409090909091	0.491666083018	0.228571428571	0.419912527334
cgaactaa	-2.95	0.0859327867841	0.159090909091	0.365760839533	0.328571428571	0.469693777794
aagagaa	2.94	0.0864722922949	0.772727272727	0.419070202604	0.514285714286	0.499795876701
aaaggttac	2.93	0.0866915806604	0.227272727273	0.419070202604	0.1	0.3
gatactgc	2.93	0.0866915806604	0.227272727273	0.419070202604	0.1	0.3
cgcaaggct	2.93	0.0866915806604	0.227272727273	0.419070202604	0.1	0.3
gaaccctt	2.93	0.0866915806604	0.227272727273	0.419070202604	0.1	0.3
aagctaatcc	2.93	0.0866915806604	0.227272727273	0.419070202604	0.1	0.3
aggcaacc	2.93	0.0866915806604	0.227272727273	0.419070202604	0.1	0.3
tggcaagc	2.93	0.0866915806604	0.227272727273	0.419070202604	0.1	0.3
gtaaactt	2.93	0.0866915806604	0.227272727273	0.419070202604	0.1	0.3
agggcgac	2.93	0.0866915806604	0.227272727273	0.419070202604	0.1	0.3
tacaatgc	2.93	0.0866915806604	0.227272727273	0.419070202604	0.1	0.3
gatggat	-2.92	0.0875724047514	0.0909090909091	0.287479787288	0.228571428571	0.419912527334
ctgctac	-2.92	0.0875724047514	0.0909090909091	0.287479787288	0.228571428571	0.419912527334
tcaaaacc	-2.92	0.0875724047514	0.0909090909091	0.287479787288	0.228571428571	0.419912527334
tccttccac	2.91	0.0880234974442	0.159090909091	0.365760839533	0.0571428571429	0.23211538299
gagggggat	2.91	0.0880234974442	0.159090909091	0.365760839533	0.0571428571429	0.23211538299
gggcggcat	2.91	0.0880234974442	0.159090909091	0.365760839533	0.0571428571429	0.23211538299
gagaacgt	2.91	0.0880234974442	0.159090909091	0.365760839533	0.0571428571429	0.23211538299
gtggagac	2.91	0.0880234974442	0.159090909091	0.365760839533	0.0571428571429	0.23211538299
agaatat	2.91	0.0880234974442	0.159090909091	0.365760839533	0.0571428571429	0.23211538299
ggtatat	2.91	0.0880234974442	0.159090909091	0.365760839533	0.0571428571429	0.23211538299
cgtgcgaa	2.91	0.0880234974442	0.159090909091	0.365760839533	0.0571428571429	0.23211538299
gaagttaa	2.91	0.0880234974442	0.159090909091	0.365760839533	0.0571428571429	0.23211538299
aaataa	2.91	0.0880234974442	0.159090909091	0.365760839533	0.0571428571429	0.23211538299
gactttct	2.91	0.0880234974442	0.159090909091	0.365760839533	0.0571428571429	0.23211538299
ttcgggat	2.91	0.0880234974442	0.159090909091	0.365760839533	0.0571428571429	0.23211538299
ctagctt	2.91	0.0880234974442	0.159090909091	0.365760839533	0.0571428571429	0.23211538299
gtagttcgg	2.91	0.0880234974442	0.159090909091	0.365760839533	0.0571428571429	0.23211538299
agtgggg	2.91	0.0880234974442	0.159090909091	0.365760839533	0.0571428571429	0.23211538299
cagaccc	2.91	0.0880234974442	0.159090909091	0.365760839533	0.0571428571429	0.23211538299
caagtggt	2.91	0.0880234974442	0.159090909091	0.365760839533	0.0571428571429	0.23211538299
aaatgaa	2.9	0.08831675471	0.840909090909	0.365760839533	0.571428571429	0.494871659305
gggttgg	2.9	0.08831675471	0.840909090909	0.365760839533	0.571428571429	0.494871659305
cggacaacgg	2.9	0.0886081040968	0.204545454545	0.40336907612	0.0857142857143	0.27994168489
caagactat	2.9	0.0886081040968	0.204545454545	0.40336907612	0.0857142857143	0.27994168489
aggggtagg	2.9	0.0886081040968	0.204545454545	0.40336907612	0.0857142857143	0.27994168489
agtgggggac	2.9	0.0886081040968	0.204545454545	0.40336907612	0.0857142857143	0.27994168489
ctattgg	2.9	0.0886081040968	0.204545454545	0.40336907612	0.0857142857143	0.27994168489
ataagaa	2.9	0.0886081040968	0.204545454545	0.40336907612	0.0857142857143	0.27994168489
gagggt	2.9	0.0886081040968	0.204545454545	0.40336907612	0.0857142857143	0.27994168489
ttcagt	2.9	0.0886081040968	0.204545454545	0.40336907612	0.0857142857143	0.27994168489
atttcaa	2.9	0.0886081040968	0.204545454545	0.40336907612	0.0857142857143	0.27994168489
gtagatagc	2.9	0.0886081040968	0.204545454545	0.40336907612	0.0857142857143	0.27994168489
gattagt	2.9	0.0886081040968	0.204545454545	0.40336907612	0.0857142857143	0.27994168489
taccgccgg	2.9	0.0886081040968	0.204545454545	0.40336907612	0.0857142857143	0.27994168489
catgggc	2.9	0.0886081040968	0.204545454545	0.40336907612	0.0857142857143	0.27994168489
gggact	2.89	0.0892908045149	0.181818181818	0.38569460792	0.0714285714286	0.257539376819
tacggagg	2.89	0.0892908045149	0.181818181818	0.38569460792	0.0714285714286	0.257539376819
caggtgat	2.89	0.0892908045149	0.181818181818	0.38569460792	0.0714285714286	0.257539376819
attttgt	2.89	0.0892908045149	0.181818181818	0.38569460792	0.0714285714286	0.257539376819
ggatagc	2.89	0.0892908045149	0.181818181818	0.38569460792	0.0714285714286	0.257539376819
gacgccgt	2.89	0.0892908045149	0.181818181818	0.38569460792	0.0714285714286	0.257539376819
ggggcaa	2.89	0.0892908045149	0.181818181818	0.38569460792	0.0714285714286	0.257539376819
tgcctagg	2.89	0.0892908045149	0.181818181818	0.38569460792	0.0714285714286	0.257539376819
gcctggaa	2.89	0.0892908045149	0.181818181818	0.38569460792	0.0714285714286	0.257539376819
catgtaa	2.89	0.0892908045149	0.181818181818	0.38569460792	0.0714285714286	0.257539376819
aattagg	2.89	0.0892908045149	0.181818181818	0.38569460792	0.0714285714286	0.257539376819
ggccgcaa	2.89	0.0892908045149	0.181818181818	0.38569460792	0.0714285714286	0.257539376819
gacgttagt	2.89	0.0892908045149	0.181818181818	0.38569460792	0.0714285714286	0.257539376819
aaagtcgg	2.89	0.0892908045149	0.181818181818	0.38569460792	0.0714285714286	0.257539376819
gccgttgg	2.89	0.0892908045149	0.181818181818	0.38569460792	0.0714285714286	0.257539376819
acacagc	2.89	0.0892908045149	0.181818181818	0.38569460792	0.0714285714286	0.257539376819
cgaaagc	2.89	0.0893889562273	0.909090909091	0.287479787288	0.628571428571	0.483186700723
gctattt	-2.87	0.0903038107695	0.181818181818	0.38569460792	0.357142857143	0.47915742375
caaacagg	-2.87	0.0903104359559	0.0227272727273	0.149032693734	0.114285714286	0.31815796359
aatttat	-2.87	0.0903104359559	0.0227272727273	0.149032693734	0.114285714286	0.31815796359
cgagttgt	-2.87	0.0903104359559	0.0227272727273	0.149032693734	0.114285714286	0.31815796359
ggacacac	-2.87	0.0903104359559	0.0227272727273	0.149032693734	0.114285714286	0.31815796359
cagccctt	-2.87	0.0903104359559	0.0227272727273	0.149032693734	0.114285714286	0.31815796359
ccgggagt	-2.87	0.0903104359559	0.0227272727273	0.149032693734	0.114285714286	0.31815796359
agtcggac	-2.87	0.0903104359559	0.0227272727273	0.149032693734	0.114285714286	0.31815796359
cctgccgt	-2.87	0.0903104359559	0.0227272727273	0.149032693734	0.114285714286	0.31815796359
ctaagttcgg	-2.87	0.0903104359559	0.0227272727273	0.149032693734	0.114285714286	0.31815796359
aggagctt	2.87	0.09051916786	0.5	0.5	0.3	0.458257569496
atagaa	2.87	0.09051916786	0.5	0.5	0.3	0.458257569496
cctaacc	2.85	0.0911896087765	0.590909090909	0.491666083018	0.371428571429	0.483186700723
ccgcat	2.85	0.0913716301415	0.386363636364	0.486915574673	0.214285714286	0.410325903324
aggact	-2.81	0.093788409917	0.204545454545	0.40336907612	0.385714285714	0.486763572497
tcgccgat	-2.76	0.09652520368	0.227272727273	0.419070202604	0.414285714286	0.492598275702
aactaa	-2.76	0.09652520368	0.227272727273	0.419070202604	0.414285714286	0.492598275702
acggtgg	-2.76	0.0967800084599	0.113636363636	0.317369091904	0.257142857143	0.437058815451
caaattaa	-2.76	0.0967800084599	0.113636363636	0.317369091904	0.257142857143	0.437058815451
tgggtac	2.76	0.0968555323529	0.477272727273	0.499483203996	0.285714285714	0.451753951453
gaaatctgt	2.76	0.0968555323529	0.477272727273	0.499483203996	0.285714285714	0.451753951453
cttaaagt	2.76	0.0968555323529	0.477272727273	0.499483203996	0.285714285714	0.451753951453
ggtttat	2.76	0.0968555323529	0.477272727273	0.499483203996	0.285714285714	0.451753951453
ttaat	2.75	0.0973097418865	0.363636363636	0.481045692921	0.2	0.4
atcaacc	2.75	0.0973097418865	0.363636363636	0.481045692921	0.2	0.4
aaagagat	2.75	0.0973097418865	0.363636363636	0.481045692921	0.2	0.4
gtcgggcgt	2.75	0.0973097418865	0.363636363636	0.481045692921	0.2	0.4
attcgat	2.75	0.0973097418865	0.363636363636	0.481045692921	0.2	0.4
gccgcat	2.74	0.0976502778819	0.568181818182	0.495329425402	0.357142857143	0.47915742375
agaaggct	-2.73	0.098416474465	0.522727272727	0.499483203996	0.785714285714	0.410325903324
gctttcc	2.72	0.0989105621637	0.727272727273	0.445361771415	0.485714285714	0.499795876701
tccggac	2.72	0.0989105621637	0.727272727273	0.445361771415	0.485714285714	0.499795876701
cgaagac	-2.7	0.100256333857	0.477272727273	0.499483203996	0.728571428571	0.444696640465
tcaaagg	-2.67	0.102456497128	0.340909090909	0.474014854878	0.557142857143	0.496723961449
gtgggc	2.66	0.102582011416	0.636363636364	0.481045692921	0.414285714286	0.492598275702
cgtggt	2.66	0.102582011416	0.636363636364	0.481045692921	0.414285714286	0.492598275702
agtggaa	-2.66	0.10295431057	0.0681818181818	0.252057647873	0.185714285714	0.388875931109
gcgagaa	-2.66	0.10295431057	0.0681818181818	0.252057647873	0.185714285714	0.388875931109
cctgaacac	-2.66	0.10295431057	0.0681818181818	0.252057647873	0.185714285714	0.388875931109
ggaagtc	-2.66	0.10295431057	0.0681818181818	0.252057647873	0.185714285714	0.388875931109
ccttctct	-2.66	0.10295431057	0.0681818181818	0.252057647873	0.185714285714	0.388875931109
tctttaatt	2.65	0.103589181624	0.340909090909	0.474014854878	0.185714285714	0.388875931109
acctgat	2.65	0.103589181624	0.340909090909	0.474014854878	0.185714285714	0.388875931109
cgctgg	2.65	0.103589181624	0.340909090909	0.474014854878	0.185714285714	0.388875931109
atcctttgg	2.65	0.103589181624	0.340909090909	0.474014854878	0.185714285714	0.388875931109
tcggggat	2.65	0.103589181624	0.340909090909	0.474014854878	0.185714285714	0.388875931109
gtctactt	2.65	0.103589181624	0.340909090909	0.474014854878	0.185714285714	0.388875931109
ggacgggt	2.65	0.103670361214	0.454545454545	0.497929597732	0.271428571429	0.444696640465
ggctaacc	-2.64	0.104049031121	0.136363636364	0.343174292512	0.285714285714	0.451753951453
cttcggacctt	2.63	0.10461329832	0.545454545455	0.497929597732	0.342857142857	0.474664220738
aagcttcc	2.59	0.107813071613	0.772727272727	0.419070202604	0.528571428571	0.49918300599
gggtat	2.57	0.10879912431	0.840909090909	0.365760839533	0.585714285714	0.492598275702
aattaa	-2.56	0.109734657272	0.159090909091	0.365760839533	0.314285714286	0.464230765979
aatagctt	-2.56	0.109734657272	0.159090909091	0.365760839533	0.314285714286	0.464230765979
gtcgctcc	2.56	0.109885464494	0.613636363636	0.486915574673	0.4	0.489897948557
aagcttac	2.55	0.110207118422	0.318181818182	0.465770489362	0.171428571429	0.376883027379
gtagggac	2.55	0.110207118422	0.318181818182	0.465770489362	0.171428571429	0.376883027379
tgccgac	2.55	0.110207118422	0.318181818182	0.465770489362	0.171428571429	0.376883027379
ggaacac	2.55	0.110207118422	0.318181818182	0.465770489362	0.171428571429	0.376883027379
ggtgagg	2.55	0.110207118422	0.318181818182	0.465770489362	0.171428571429	0.376883027379
ttccgg	2.55	0.110207118422	0.318181818182	0.465770489362	0.171428571429	0.376883027379
cgatctt	2.55	0.110207118422	0.318181818182	0.465770489362	0.171428571429	0.376883027379
aagttgg	2.55	0.110207118422	0.318181818182	0.465770489362	0.171428571429	0.376883027379
gcctaccgg	2.55	0.110207118422	0.318181818182	0.465770489362	0.171428571429	0.376883027379
ggtcagt	2.54	0.111003669589	0.431818181818	0.495329425402	0.257142857143	0.437058815451
aaactgt	2.54	0.111003669589	0.431818181818	0.495329425402	0.257142857143	0.437058815451
tgttcgt	2.54	0.111003669589	0.431818181818	0.495329425402	0.257142857143	0.437058815451
ttcgat	2.52	0.112123995746	0.522727272727	0.499483203996	0.328571428571	0.469693777794
cggcctcc	-2.51	0.112818742167	0.0	0.0	0.0571428571429	0.23211538299
ctggcgg	-2.51	0.112818742167	0.0	0.0	0.0571428571429	0.23211538299
agcaatgcgctt	-2.51	0.112818742167	0.0	0.0	0.0571428571429	0.23211538299
agatct	-2.51	0.112818742167	0.0	0.0	0.0571428571429	0.23211538299
gagggaataa	-2.51	0.112818742167	0.0	0.0	0.0571428571429	0.23211538299
aagaatct	-2.51	0.112818742167	0.0	0.0	0.0571428571429	0.23211538299
gaagccagt	-2.51	0.112818742167	0.0	0.0	0.0571428571429	0.23211538299
aggaacat	-2.51	0.112818742167	0.0	0.0	0.0571428571429	0.23211538299
ggatgt	-2.51	0.112818742167	0.0	0.0	0.0571428571429	0.23211538299
tgacagac	-2.51	0.112818742167	0.0	0.0	0.0571428571429	0.23211538299
ctggaact	-2.51	0.112818742167	0.0	0.0	0.0571428571429	0.23211538299
acggtccaaac	-2.51	0.112818742167	0.0	0.0	0.0571428571429	0.23211538299
cgacctcgc	-2.51	0.112818742167	0.0	0.0	0.0571428571429	0.23211538299
caaagagg	-2.51	0.112818742167	0.0	0.0	0.0571428571429	0.23211538299
tctgtat	-2.51	0.112818742167	0.0	0.0	0.0571428571429	0.23211538299
cgagggt	-2.51	0.112818742167	0.0	0.0	0.0571428571429	0.23211538299
gcaggggcc	-2.51	0.112818742167	0.0	0.0	0.0571428571429	0.23211538299
agagagac	-2.51	0.112818742167	0.0	0.0	0.0571428571429	0.23211538299
cacctattgc	-2.51	0.112818742167	0.0	0.0	0.0571428571429	0.23211538299
ggggaataa	-2.51	0.112818742167	0.0	0.0	0.0571428571429	0.23211538299
ataagac	-2.51	0.112818742167	0.0	0.0	0.0571428571429	0.23211538299
tggaaagc	-2.51	0.112818742167	0.0	0.0	0.0571428571429	0.23211538299
tcttgagt	-2.51	0.112818742167	0.0	0.0	0.0571428571429	0.23211538299
gatactat	-2.51	0.112818742167	0.0	0.0	0.0571428571429	0.23211538299
cagttagg	-2.51	0.112818742167	0.0	0.0	0.0571428571429	0.23211538299
gaggggtgc	-2.51	0.112818742167	0.0	0.0	0.0571428571429	0.23211538299
acttgagt	-2.51	0.112818742167	0.0	0.0	0.0571428571429	0.23211538299
ttccttcgg	-2.51	0.112818742167	0.0	0.0	0.0571428571429	0.23211538299
catggcgc	-2.51	0.112818742167	0.0	0.0	0.0571428571429	0.23211538299
tggttaaagg	-2.51	0.112818742167	0.0	0.0	0.0571428571429	0.23211538299
gtcatcac	-2.51	0.112818742167	0.0	0.0	0.0571428571429	0.23211538299
aactgtcc	-2.51	0.112818742167	0.0	0.0	0.0571428571429	0.23211538299
gccctgat	-2.51	0.112818742167	0.0	0.0	0.0571428571429	0.23211538299
gtcggatgt	-2.51	0.112818742167	0.0	0.0	0.0571428571429	0.23211538299
acttgagg	-2.51	0.112818742167	0.0	0.0	0.0571428571429	0.23211538299
tccatagt	-2.51	0.112818742167	0.0	0.0	0.0571428571429	0.23211538299
agagagaa	-2.51	0.112818742167	0.0	0.0	0.0571428571429	0.23211538299
acaccaacc	-2.51	0.112818742167	0.0	0.0	0.0571428571429	0.23211538299
gcaagttt	-2.51	0.112818742167	0.0	0.0	0.0571428571429	0.23211538299
aactttgc	-2.51	0.112818742167	0.0	0.0	0.0571428571429	0.23211538299
aaaatgac	-2.51	0.112818742167	0.0	0.0	0.0571428571429	0.23211538299
gacggtactt	-2.51	0.112818742167	0.0	0.0	0.0571428571429	0.23211538299
aaagccgt	-2.51	0.112818742167	0.0	0.0	0.0571428571429	0.23211538299
agggaaactt	-2.51	0.112818742167	0.0	0.0	0.0571428571429	0.23211538299
cccttgtggcc	-2.51	0.112818742167	0.0	0.0	0.0571428571429	0.23211538299
gcctaatac	-2.51	0.112818742167	0.0	0.0	0.0571428571429	0.23211538299
tagacgttac	-2.51	0.112818742167	0.0	0.0	0.0571428571429	0.23211538299
gataactt	-2.51	0.112818742167	0.0	0.0	0.0571428571429	0.23211538299
gaggttaa	-2.51	0.112818742167	0.0	0.0	0.0571428571429	0.23211538299
gaactcac	-2.5	0.114128327762	0.181818181818	0.38569460792	0.342857142857	0.474664220738
ctgccgg	-2.5	0.114128327762	0.181818181818	0.38569460792	0.342857142857	0.474664220738
tcactgc	-2.5	0.114128327762	0.181818181818	0.38569460792	0.342857142857	0.474664220738
cggcccc	2.48	0.115293146472	0.75	0.433012701892	0.514285714286	0.499795876701
cctttct	-2.47	0.115736157326	0.522727272727	0.499483203996	0.771428571429	0.419912527334
cgaggaa	2.47	0.116220250004	0.818181818182	0.38569460792	0.571428571429	0.494871659305
caatgat	-2.47	0.116220250004	0.0909090909091	0.287479787288	0.214285714286	0.410325903324
cttgggaa	-2.47	0.116220250004	0.0909090909091	0.287479787288	0.214285714286	0.410325903324
gctaggcc	2.46	0.117148746532	0.295454545455	0.456246815906	0.157142857143	0.363935405796
caggcctt	2.46	0.117148746532	0.295454545455	0.456246815906	0.157142857143	0.363935405796
cgaaggct	-2.45	0.117164132501	0.5	0.5	0.742857142857	0.437058815451
ggaaaaac	-2.45	0.117465154392	0.204545454545	0.40336907612	0.371428571429	0.483186700723
acatct	-2.45	0.117465154392	0.204545454545	0.40336907612	0.371428571429	0.483186700723
atgggctt	-2.44	0.1186489816	0.0454545454545	0.208298895225	0.142857142857	0.349927106112
gtcctgaa	-2.44	0.1186489816	0.0454545454545	0.208298895225	0.142857142857	0.349927106112
